,relative_time,resulant,derivative,abs_derivative,rms,normalize,threshold,normalize_no_rms,threshold_no_rms
0,0.0,2.9177138741951443,0.28298849759501365,0.28298849759501365,0.29104718434703214,0.0036645750881361483,0.0,0.0026924102813811546,0.0
1,0.0125,2.921251230415082,0.11476363661877542,0.11476363661877542,0.29182255101044285,0.0036784187821690354,0.0,0.0010918846447366213,0.0
2,0.025,2.9226857758728166,-0.454039558255559,0.454039558255559,0.29551142226086835,0.003744281305446687,0.0,0.004319824958223195,0.0
3,0.0375,2.917010281394622,0.05007706420300906,0.05007706420300906,0.24900996226119265,0.0029140263890355587,0.0,0.00047644340200186805,0.0
4,0.05,2.9176362446971598,0.4039624940525499,0.4039624940525499,0.25490137031629695,0.0030192138498672957,0.0,0.003843381556221327,0.0
5,0.0625,2.9226857758728166,-0.2246435620823206,0.2246435620823206,0.2343934893890752,0.0026530582718463343,0.0,0.0021373046655136663,0.0
6,0.075,2.9198777313467876,-0.40259306752531643,0.40259306752531643,0.2422660651367688,0.0027936182611324172,0.0,0.003830352552947858,0.0
7,0.0875,2.914845318002721,0.004825830902959183,0.004825830902959183,0.1969795155218265,0.001985054821073448,0.0,4.591393943484135e-05,0.0
8,0.1,2.914905640889008,0.2893060522463031,0.2893060522463031,0.2290971970348352,0.0025584962351728815,0.0,0.0027525167847933935,0.0
9,0.1125,2.918521966542087,0.174652476527406,0.174652476527406,0.20608270091473727,0.0021475865873345256,0.0,0.0016616792819050409,0.0
10,0.125,2.9207051224986795,-0.059863222518821146,0.059863222518821146,0.20472262937693028,0.0021233033480353085,0.0,0.0005695509080971278,0.0
11,0.1375,2.9199568322171943,0.16204224952041102,0.16204224952041102,0.21282517953275912,0.002267969388679872,0.0,0.0015417030103154713,0.0
12,0.15,2.9219823603361994,-0.2879418184842919,0.2879418184842919,0.2058453815393873,0.0021433493961120283,0.0,0.002739537186547309,0.0
13,0.1625,2.9183830876051458,0.28369885014917884,0.28369885014917884,0.26701203081666003,0.0032354422311155965,0.0,0.002699168720457278,0.0
14,0.175,2.9219293232320105,0.054275627737752075,0.054275627737752075,0.2513440823365846,0.002955700664813171,0.0,0.0005163893917648572,0.0
15,0.1875,2.9226077685787324,-0.3309079296057149,0.3309079296057149,0.29736212023031877,0.003777324377383332,0.0,0.0031483255306581645,0.0
16,0.2,2.918471419458661,-0.05978648077199722,0.05978648077199722,0.2856685855084821,0.0035685435198984958,0.0,0.0005688207714664314,0.0
17,0.2125,2.917724088449011,0.16134959082279465,0.16134959082279465,0.2910323393792692,0.0036643100403834705,0.0,0.0015351129141992,0.0
18,0.225,2.919740958334296,0.1750691918171654,0.1750691918171654,0.31841368095153394,0.004153187023137641,0.0,0.001665643996160539,0.0
19,0.2375,2.9219293232320105,0.05366379685778355,0.05366379685778355,0.3152677870930662,0.004097019026637776,0.0,0.0005105683079904517,0.0
20,0.25,2.922600120692733,-0.5606204766417022,0.5606204766417022,0.31760267677367393,0.004138707043242323,0.0,0.005333857552836165,0.0
21,0.2625,2.9155923647347115,0.12454887624635091,0.12454887624635091,0.2558622064484181,0.0030363689869869607,0.0,0.0011849834102446324,0.0
22,0.275,2.917149225687791,0.45271282988704087,0.45271282988704087,0.2659681189585941,0.0032168038280963123,0.0,0.004307202193939997,0.0
23,0.2875,2.922808136061379,-0.2344323771673018,0.2344323771673018,0.2222874514280735,0.002436912423190152,0.0,0.002230437448652647,0.0
24,0.3,2.9198777313467876,-0.16828748565572482,0.16828748565572482,0.2062585042204367,0.0021507254470365497,0.0,0.0016011214606174184,0.0
25,0.3125,2.917774137776091,0.39941618354664143,0.39941618354664143,0.20592387401068415,0.002144750830823883,0.0,0.003800127030851972,0.0
26,0.325,2.922766840070424,-0.12124877242737142,0.12124877242737142,0.151322316496866,0.0011698736641743057,0.0,0.0011535855494575085,0.0
27,0.3375,2.921251230415082,0.12124877242737142,0.12124877242737142,0.1651812071635841,0.0014173156178705387,0.0,0.0011535855494575085,0.0
28,0.35,2.922766840070424,-0.17620268439717535,0.17620268439717535,0.18701701424457495,0.0018071804991651051,0.0,0.0016764282757415964,0.0
29,0.3625,2.9205643065154594,-0.2402103151073831,0.2402103151073831,0.2120330213530606,0.0022538258924697623,0.0,0.0022854099286200844,0.0
30,0.375,2.917561677576617,0.18528430161364184,0.18528430161364184,0.2177479502756175,0.0023558624271275154,0.0,0.001762832634127127,0.0
31,0.3875,2.9198777313467876,0.0023271165037996866,0.0023271165037996866,0.26230471453999926,0.0031513959994096032,0.0,2.214066103057202e-05,0.0
32,0.4,2.919906820303085,-0.1649765087000432,0.1649765087000432,0.2630398342931947,0.003164521109658738,0.0,0.0015696201505901435,0.0
33,0.4125,2.9178446139443346,-0.05902287978607035,0.05902287978607035,0.2918074076648488,0.0036781484070640288,0.0,0.0005615557159505547,0.0
34,0.425,2.9171068279470087,0.22314203247141506,0.22314203247141506,0.29353691737420057,0.003709027737286781,0.0,0.0021230188065598306,0.0
35,0.4375,2.9198961033529014,0.2760897030869458,0.2760897030869458,0.28556007858301513,0.0035666061956008445,0.0,0.002626773743428154,0.0
36,0.45,2.923347224641488,-0.3330292692932346,0.3330292692932346,0.2797874017320627,0.0034635386072629855,0.0,0.0031685083890906434,0.0
37,0.4625,2.919184358775323,-0.2781192857839798,0.2781192857839798,0.26646573090328657,0.003225688382765105,0.0,0.0026460836071393917,0.0
38,0.475,2.915707867703023,0.4532626388639116,0.4532626388639116,0.2476594306809229,0.0028899134798001224,0.0,0.004312433188679016,0.0
39,0.4875,2.921373650688822,0.05563222727761996,0.05563222727761996,0.23323993888503478,0.0026324623383570467,0.0,0.0005292963564644768,0.0
40,0.5,2.922069053529792,-0.3935862273601032,0.3935862273601032,0.24569900353292562,0.002854911260990177,0.0,0.003744659638678666,0.0
41,0.5125,2.917149225687791,-0.10762234845046237,0.10762234845046237,0.21662058051316785,0.002335733934648062,0.0,0.0010239409726436732,0.0
42,0.525,2.91580394633216,0.11330251367816402,0.11330251367816402,0.3352447141200698,0.004453694749917685,0.0,0.0010779832230848696,0.0
43,0.5375,2.917220227753137,0.2238682149206639,0.2238682149206639,0.3328430552258218,0.004410814610143454,0.0,0.0021299278544862736,0.0
44,0.55,2.9200185804396455,-0.22954838014836554,0.22954838014836554,0.3238540513661945,0.00425032148480618,0.0,0.00218397010492747,0.0
45,0.5625,2.917149225687791,0.0,0.0,0.3228304010744695,0.004232044839569744,0.0,0.0,0.0
46,0.575,2.917149225687791,0.387262732104503,0.387262732104503,0.3232999120380094,0.004240427668534484,0.0,0.003684496615145434,0.0
47,0.5875,2.921990009839097,0.22545951893786054,0.22545951893786054,0.3231964283621468,0.004238580031263442,0.0,0.0021450678454509767,0.0
48,0.6,2.9248082538258204,0.21762794601308144,0.21762794601308144,0.33004841692185893,0.0043609180651430985,0.0,0.0020705566634020246,0.0
49,0.6125,2.927528603150984,-0.7316412436670561,0.7316412436670561,0.3232921728094396,0.004240289489376897,0.0,0.006960984009854633,0.0
50,0.625,2.9183830876051458,-0.0011437389071389248,0.0011437389071389248,0.3246607812148972,0.0042647251491880235,0.0,1.0881765227092209e-05,0.0
51,0.6375,2.9183687908688065,-0.0537824789840613,0.0537824789840613,0.32466787018122584,0.004264851718313953,0.0,0.0005116974739449763,0.0
52,0.65,2.9176965098815058,-0.21770766867884817,0.21770766867884817,0.32645208240969675,0.00429670772831061,0.0,0.0020713151611034984,0.0
53,0.6625,2.91497516402302,-0.049263801386558725,0.049263801386558725,0.3235349483113363,0.004244624096377092,0.0,0.0004687058537019033,0.0
54,0.675,2.914359366505688,0.38657109195483486,0.38657109195483486,0.323070504359765,0.0042363317357890125,0.0,0.0036779162097020737,0.0
55,0.6875,2.9191915051551236,0.29434708140613,0.29434708140613,0.2927370405853233,0.003694746430065607,0.0,0.0028004781643335744,0.0
56,0.7,2.9228708436727002,0.10976745776257957,0.10976745776257957,0.28006100627878694,0.0034684236478632557,0.0,0.0010443499801323667,0.0
57,0.7125,2.9242429368947325,-0.7364735299441705,0.7364735299441705,0.2804144459653962,0.003474734095695737,0.0,0.007006959367035755,0.0
58,0.725,2.9150370177704303,-0.006175167224888867,0.006175167224888867,0.3017922128663418,0.003856420951797135,0.0,5.875180039766985e-05,0.0
59,0.7375,2.9149598281801192,0.11039223024553735,0.11039223024553735,0.3759047152627499,0.005179654017653099,0.0,0.001050294192957041,0.0
60,0.75,2.9163397310581884,0.17952112509426854,0.17952112509426854,0.6701111737509478,0.010432529058596682,0.0,0.0017080005973268847,0.0
61,0.7625,2.918583745121867,-0.004942286382387806,0.004942286382387806,0.7333772758000483,0.011562106329263027,0.0,4.702192061712076e-05,0.0
62,0.775,2.918521966542087,0.0007760684220059488,0.0007760684220059488,0.7345990918383308,0.011583921101804385,0.0,7.383673245455906e-06,0.0
63,0.7875,2.918531667397362,0.16897852760092036,0.16897852760092036,0.8144770079454718,0.013010092077104773,0.0,0.0016076961746214228,0.0
64,0.8,2.9206438989923735,-0.11676321736405981,0.11676321736405981,0.8148096947688147,0.013016031995350513,0.0,0.0011109090637600409,0.0
65,0.8125,2.919184358775323,0.8012262391072156,0.8012262391072156,0.814584138764228,0.013012004831864989,0.0,0.007623029848272651,0.0
66,0.825,2.929199686764163,0.6339121819071636,0.6339121819071636,0.7729744294874427,0.012269089110557966,0.0,0.006031169784512405,0.0
67,0.8375,2.9371235890380025,-1.57294103078641,1.57294103078641,0.7398055649987372,0.011676879472114052,0.0,0.01496528176688063,0.0
68,0.85,2.9174618261531724,-0.8617272086613781,0.8617272086613781,0.5064580732465859,0.007510603783979098,0.0,0.00819864841173198,0.0
69,0.8625,2.906690236044905,0.11988829281079916,0.11988829281079916,0.40515249738944104,0.005701855146498865,0.0,0.001140641668916785,0.0
70,0.875,2.90818883970504,0.9949353588143595,0.9949353588143595,0.45012052468950564,0.006504731566883275,0.0,0.009466017919975806,0.0
71,0.8875,2.9206255316902197,-0.18135622550577324,0.18135622550577324,0.29201315495824853,0.0036818218982164483,0.0,0.0017254601169091007,0.0
72,0.9,2.9183585788713975,-0.10340934399408752,0.10340934399408752,0.29679891393636015,0.0037672686760243618,0.0,0.000983857589007065,0.0
73,0.9125,2.9170659620714714,-0.3368986232612414,0.3368986232612414,0.29527608145933903,0.003740079440440659,0.0,0.0032053222118936945,0.0
74,0.925,2.912854729280706,0.02066633164371723,0.02066633164371723,0.27018650352849427,0.003292120485433455,0.0,0.0001966236941389995,0.0
75,0.9375,2.9131130584262523,0.3842441072544389,0.3842441072544389,0.2815459280929048,0.003494936011919483,0.0,0.003655776802675966,0.0
76,0.95,2.917916109766933,-0.06135072633135508,0.06135072633135508,0.2747841616544937,0.0033742088384252802,0.0,0.0005837033227447067,0.0
77,0.9625,2.917149225687791,0.5674968965553262,0.5674968965553262,0.2747632845773762,0.003373836091076762,0.0,0.005399281214334347,0.0
78,0.975,2.9242429368947325,-0.22627844703897892,0.22627844703897892,0.1964688598692385,0.001975937379037063,0.0,0.002152859294424703,0.0
79,0.9875,2.9214144563067452,-0.23544294784674236,0.23544294784674236,0.21303650928844944,0.0022717425512568555,0.0,0.002240052224201871,0.0
80,1.0,2.918471419458661,0.05899528939433907,0.05899528939433907,0.2945984303821493,0.003727980397992271,0.0,0.0005612932153365865,0.0
81,1.0125,2.91920886057609,0.0017151125579673021,0.0017151125579673021,0.3170992506251752,0.004129718679546992,0.0,1.6317930672241082e-05,0.0
82,1.025,2.919230299483065,-0.2248688523507525,0.2248688523507525,0.347857602031821,0.004678890092148809,0.0,0.002139448123075285,0.0
83,1.0375,2.9164194388286804,0.34285469359993215,0.34285469359993215,0.3834553347691491,0.005314465676624268,0.0,0.003261989479831452,0.0
84,1.05,2.9207051224986795,-0.06059808632347341,0.06059808632347341,0.3683259035821005,0.005044339004781307,0.0,0.0005765425522094343,0.0
85,1.0625,2.919947646419636,-0.1639936900386374,0.1639936900386374,0.36846645586064247,0.005046848479113362,0.0,0.0015602694134005028,0.0
86,1.075,2.917897725294153,-0.32477417804727793,0.32477417804727793,0.37779160398222006,0.00521334325313241,0.0,0.003089967767357808,0.0
87,1.0875,2.913838048068562,0.6218221842627614,0.6218221842627614,0.3802181363503364,0.005256667493456765,0.0,0.005916143081178877,0.0
88,1.1,2.9216108253718467,0.33703121617751464,0.33703121617751464,0.3153991841496235,0.0040993650401222855,0.0,0.0032065837279413294,0.0
89,1.1125,2.9258237155740656,-0.4045080394322653,0.4045080394322653,0.2951592539326856,0.003737993556935564,0.0,0.0038485719862274533,0.0
90,1.125,2.9207673650811623,-0.5087540275322411,0.5087540275322411,0.2610999327822117,0.003129885363450807,0.0,0.0048403895778907895,0.0
91,1.1375,2.9144079397370093,0.16296367944026002,0.16296367944026002,0.22382125815940682,0.0024642975973228104,0.0,0.0015504696824977593,0.0
92,1.15,2.9164449857300125,0.0670864429338991,0.0670864429338991,0.2237851100809646,0.00246365219565487,0.0,0.0006382741002958089,0.0
93,1.1625,2.9172835662666863,-0.2873424193051477,0.2873424193051477,0.22609377600050995,0.0025048720031634235,0.0,0.002733834380509981,0.0
94,1.175,2.913691786025372,0.3466885462319169,0.3466885462319169,0.21797710425179306,0.002359953830178866,0.0,0.003298465535683123,0.0
95,1.1875,2.918025392853271,0.16108799477773772,0.16108799477773772,0.1964586921034546,0.001975755839843862,0.0,0.0015326240360742384,0.0
96,1.2,2.9200389927879926,-0.12136209967245293,0.12136209967245293,0.1887565706489044,0.0018382392069364107,0.0,0.0011546637679802087,0.0
97,1.2125,2.918521966542087,-0.10981926834368494,0.10981926834368494,0.4938464119541346,0.007285430342279792,0.0,0.001044842916567727,0.0
98,1.225,2.917149225687791,0.3379540000824832,0.3379540000824832,0.5210696390117066,0.00777148428779641,0.0,0.0032153632822141892,0.0
99,1.2375,2.921373650688822,-0.1625660479184532,0.1625660479184532,0.5269613043593714,0.007876676342428285,0.0,0.00154668653510268,0.0
100,1.25,2.9193415750898413,-0.1131792880489968,0.1131792880489968,0.527275498633173,0.007882286087596153,0.0,0.001076810829317211,0.0
101,1.2625,2.917926833989229,-0.23179871739671398,0.23179871739671398,0.5260505231334722,0.007860414904817875,0.0,0.0022053802724626152,0.0
102,1.275,2.91502935002177,-0.22101797639201948,0.22101797639201948,0.523083174636005,0.0078074347257279155,0.0,0.002102810103821039,0.0
103,1.2875,2.9122666253168696,0.04704831710689916,0.04704831710689916,0.5272013159428053,0.007880961601367316,0.0,0.0004476272844190971,0.0
104,1.3,2.912854729280706,1.2964453881022564,1.2964453881022564,0.5269391196032019,0.00787628024727602,0.0,0.012334645831333608,0.0
105,1.3125,2.929060296631984,-0.48279870805345126,0.48279870805345126,0.2631218667694643,0.003165985748978206,0.0,0.004593445374804361,0.0
106,1.325,2.923025312781316,-0.4044874372715057,0.4044874372715057,0.2107250405781567,0.002230472701646447,0.0,0.003848375973068193,0.0
107,1.3375,2.917969219815422,0.1705215566128615,0.1705215566128615,0.18357795457733916,0.001745778207783853,0.0,0.0016223768673404788,0.0
108,1.35,2.920100739273083,-0.04987146162271472,0.04987146162271472,0.17834143407898279,0.0016522833607687624,0.0,0.0004744872571204772,0.0
109,1.3625,2.919477346002799,0.16978069081321934,0.16978069081321934,0.2514683559005655,0.0029579194927268704,0.0,0.0016153281190237367,0.0
110,1.375,2.921599604637964,-0.28887835752229307,0.28887835752229307,0.24831082555048462,0.002901543733839079,0.0,0.0027484476099611885,0.0
111,1.3875,2.9179886251689355,-0.0015524282810730483,0.0015524282810730483,0.24732581371021053,0.0028839569543462106,0.0,1.4770119282549938e-05,0.0
112,1.4,2.917969219815422,-0.11539884039283521,0.11539884039283521,0.30526382690177906,0.003918404481364245,0.0,0.0010979281029922928,0.0
113,1.4125,2.9165267343105117,-0.18566098172051682,0.18566098172051682,0.37395303881432634,0.005144808037192298,0.0,0.0017664164454875215,0.0
114,1.425,2.914205972039005,0.27924302740004237,0.27924302740004237,0.38089291768911787,0.005268715298494063,0.0,0.0026567751140607527,0.0
115,1.4375,2.9176965098815058,0.11796615993606707,0.11796615993606707,0.3928430695065664,0.0054820778961063785,0.0,0.0011223541047292271,0.0
116,1.45,2.9191710868807066,-0.5039171538698284,0.5039171538698284,0.3949340749587839,0.005519411510082331,0.0,0.004794370575390346,0.0
117,1.4625,2.9128721224573337,0.12728291127583446,0.12728291127583446,0.35479340922476676,0.004802724656079986,0.0,0.0012109955771192461,0.0
118,1.475,2.9144631588482817,0.28203730565230956,0.28203730565230956,0.3766570830461996,0.0051930870808550465,0.0,0.002683360447243484,0.0
119,1.4875,2.9179886251689355,0.5060928542589593,0.5060928542589593,0.4039830263360315,0.005680974961410041,0.0,0.004815070632624772,0.0
120,1.5,2.9243147858471725,-0.6217361676418776,0.6217361676418776,0.3707954823258191,0.005088431811619008,0.0,0.005915324701504772,0.0
121,1.5125,2.916543083751649,-0.2763662718052018,0.2763662718052018,0.29864564701508767,0.0038002409572801175,0.0,0.002629405074619595,0.0
122,1.525,2.913088505354084,0.38980349980526796,0.38980349980526796,0.28809379723340006,0.003611844180952258,0.0,0.0037086699972379124,0.0
123,1.5375,2.91796104910165,0.16460250703964618,0.16460250703964618,0.2540017786021739,0.003003152194095227,0.0,0.0015660618225158073,0.0
124,1.55,2.9200185804396455,-0.1147868254222928,0.1147868254222928,0.31586061253907227,0.004107603559706708,0.0,0.0010921052677426222,0.0
125,1.5625,2.918583745121867,-0.37965576426437053,0.37965576426437053,0.31378780409877227,0.004070594842166451,0.0,0.0036121223716798247,0.0
126,1.575,2.913838048068562,0.5001988211197528,0.5001988211197528,0.355859013452392,0.0048217503629919955,0.0,0.00475899359925534,0.0
127,1.5875,2.920090533332559,-0.22455736526982406,0.22455736526982406,0.3088073052200712,0.003981671103422538,0.0,0.002136484571459808,0.0
128,1.6,2.9172835662666863,0.012462916857494122,0.012462916857494122,0.31033591692410634,0.004008963523543704,0.0,0.00011857473278343924,0.0
129,1.6125,2.917439352727405,0.16385610875978784,0.16385610875978784,0.3246665441041469,0.004264828042024771,0.0,0.001558960437053944,0.0
130,1.625,2.9194875540869023,-0.06401334774952971,0.06401334774952971,0.33494006926877284,0.004448255503804758,0.0,0.0006090360459565826,0.0
131,1.6375,2.918687387240033,-0.5559695760450012,0.5559695760450012,0.3492027477244796,0.004702906839679465,0.0,0.005289607936011949,0.0
132,1.65,2.9117377675394707,0.0522961840969316,0.0522961840969316,0.4182804227818921,0.005936246165607447,0.0,0.0004975565612602526,0.0
133,1.6625,2.9123914698406823,0.6078826457241604,0.6078826457241604,0.44813624746301206,0.006469303519617008,0.0,0.005783519468565658,0.0
134,1.675,2.9199900029122343,0.0030618728534292927,0.0030618728534292927,0.43128631626284625,0.006168458380126238,0.0,2.913128279387755e-05,0.0
135,1.6875,2.920028276322902,-0.24082659093977554,0.24082659093977554,0.5030571461110488,0.0074498823254559605,0.0,0.0022912733025783954,0.0
136,1.7,2.917017943936155,-0.2701021890245059,0.2701021890245059,0.5424978516282135,0.00815407182106702,0.0,0.0025698073134897254,0.0
137,1.7125,2.9136416665733487,-0.2847116181468934,0.2847116181468934,0.5515748667615719,0.0083161363334686,0.0,0.002708804401740702,0.0
138,1.725,2.9100827713465125,0.28663457715801144,0.28663457715801144,0.5995563584239502,0.009172816303295502,0.0,0.002727099825958326,0.0
139,1.7375,2.9136657035609876,0.8562883824984624,0.8562883824984624,0.5912527634068812,0.009024560730527325,0.0,0.008146902310374052,0.0
140,1.75,2.9243693083422184,0.4579034445515262,0.4579034445515262,0.51160409315681,0.007602482798755041,0.0,0.004356586760479335,0.0
141,1.7625,2.9300931013991125,-0.5009746834076267,0.5009746834076267,0.49133221632704516,0.007240540928480205,0.0,0.004766375311298624,0.0
142,1.775,2.923830917856517,-0.7324467354886011,0.7324467354886011,0.4694167446559215,0.006849253685014169,0.0,0.00696864762332418,0.0
143,1.7875,2.9146753336629097,-0.6228136647877491,0.6228136647877491,0.3965447246576342,0.005548168668053196,0.0,0.005925576229105217,0.0
144,1.8,2.906890162853063,0.3903876400327988,0.3903876400327988,0.33219279033173676,0.004399204531120399,0.0,0.003714227626497541,0.0
145,1.8125,2.9117700083534728,0.7231352928575419,0.7231352928575419,0.3176373508182756,0.004139326126944267,0.0,0.006880056659071518,0.0
146,1.825,2.920809199514192,0.05527573880133474,0.05527573880133474,0.18850698082098516,0.0018337829343437308,0.0,0.0005259046523955792,0.0
147,1.8375,2.9215001462492087,-0.17464574770105656,0.17464574770105656,0.2043025042904061,0.002115802273475568,0.0,0.0016616152624788138,0.0
148,1.85,2.9193170744029455,-0.2168509946034547,0.2168509946034547,0.19631863444937156,0.0019732551967267587,0.0,0.0020631645892322595,0.0
149,1.8625,2.9166064369704023,-0.2872864429719968,0.2872864429719968,0.18993368884655046,0.0018592559270737886,0.0,0.002733301810260058,0.0
150,1.875,2.9130153564332524,0.17788571682796572,0.17788571682796572,0.1758313386212901,0.0016074671529674347,0.0,0.0016924409895411616,0.0
151,1.8875,2.915238927893602,0.11283399932217719,0.11283399932217719,0.1891857359008235,0.0018459016880791779,0.0,0.0010735256819489085,0.0
152,1.9,2.916649352885129,0.27700903050643433,0.27700903050643433,0.21881481055068672,0.002374910559992723,0.0,0.002635520411993209,0.0
153,1.9125,2.9201119657664596,-0.007470826145130616,0.007470826145130616,0.20598299912702275,0.0021458064733461575,0.0,7.107896361337914e-05,0.0
154,1.925,2.9200185804396455,-0.22954838014836554,0.22954838014836554,0.22708899164699622,0.0025226409653291335,0.0,0.00218397010492747,0.0
155,1.9375,2.917149225687791,0.07009337323840015,0.07009337323840015,0.21302177523786722,0.002271479483862098,0.0,0.0006668826484736973,0.0
156,1.95,2.918025392853271,0.16521123834305484,0.16521123834305484,0.2520134775769407,0.0029676523043817293,0.0,0.0015718534162866664,0.0
157,1.9625,2.920090533332559,-0.2031460759539172,0.2031460759539172,0.24606153443718728,0.0028613840269122856,0.0,0.001932773198094116,0.0
158,1.975,2.917551207383135,0.2657818512751575,0.2657818512751575,0.23597354014672792,0.00268126910457566,0.0,0.002528702739013234,0.0
159,1.9875,2.9208734805240746,-0.33081859165864813,0.33081859165864813,0.22448453881162195,0.0024761400646876167,0.0,0.0031474755512093736,0.0
160,2.0,2.9167382481283415,-0.18200714240478533,0.18200714240478533,0.21616239316109426,0.002327553281789009,0.0,0.001731653073040247,0.0
161,2.0125,2.9144631588482817,0.2705164076842337,0.2705164076842337,0.26081344702283066,0.0031247703367353113,0.0,0.002573748274297917,0.0
162,2.025,2.9178446139443346,-0.056244036258803476,0.056244036258803476,0.2903696991960886,0.0036524790081986515,0.0,0.0005351172318893755,0.0
163,2.0375,2.9171415634910995,0.38726374760798876,0.38726374760798876,0.3195702070243292,0.004173836083573649,0.0,0.0036845062768527084,0.0
164,2.05,2.9219823603361994,0.059821735749849836,0.059821735749849836,0.3411222893399171,0.004558635233999012,0.0,0.0005691561945159437,0.0
165,2.0625,2.9227301320330725,-0.04864351481796092,0.04864351481796092,0.3596250228137522,0.004888990139711725,0.0,0.0004628043207813483,0.0
166,2.075,2.922122088097848,-0.1682806126562042,0.1682806126562042,0.4944171493987617,0.007295620507693628,0.0,0.0016010560694982368,0.0
167,2.0875,2.9200185804396455,-0.2830263538971778,0.2830263538971778,0.4911869710606431,0.007237947663741494,0.0,0.0026927704539607042,0.0
168,2.1,2.9164807510159307,-0.451116826700968,0.451116826700968,0.5131997482031693,0.007630972236444638,0.0,0.004292017494124214,0.0
169,2.1125,2.9108417906821686,0.451116826700968,0.451116826700968,0.49421509947188075,0.007292013030742268,0.0,0.004292017494124214,0.0
170,2.125,2.9164807510159307,0.3816383519320965,0.3816383519320965,0.5168448924774941,0.007696054041506396,0.0,0.0036309851150976295,0.0
171,2.1375,2.921251230415082,-0.513699915073822,0.513699915073822,0.4993812971369172,0.007384252306897858,0.0,0.004887445760670926,0.0
172,2.15,2.914829981476659,-0.32757375667536337,0.32757375667536337,0.46560019727533225,0.006781111583100115,0.0,0.0031166035293970808,0.0
173,2.1625,2.910735309518217,0.9608909804032351,0.9608909804032351,0.46248082446821565,0.006725417103631174,0.0,0.009142112760450492,0.0
174,2.175,2.9227464467732576,-0.05337553706521447,0.05337553706521447,0.3143765959740571,0.0040811073583154394,0.0,0.0005078257455336111,0.0
175,2.1875,2.9220792525599424,-0.5069306117496453,0.5069306117496453,0.3193547816351605,0.004169989795984435,0.0,0.004823041228251082,0.0
176,2.2,2.915742619913072,-0.22472884829142004,0.22472884829142004,0.26776191480211065,0.003248830947634663,0.0,0.0021381160959010877,0.0
177,2.2125,2.912933509309429,0.6217290551400367,0.6217290551400367,0.25866939482233986,0.0030864896057537033,0.0,0.00591525703171167,0.0
178,2.225,2.9207051224986795,-0.06059808632347341,0.06059808632347341,0.14895714053929868,0.0011276449047555397,0.0,0.0005765425522094343,0.0
179,2.2375,2.919947646419636,0.05570020581899371,0.05570020581899371,0.158238954017297,0.0012933659654141285,0.0,0.0005299431181712721,0.0
180,2.25,2.9206438989923735,-0.2900764044974835,0.2900764044974835,0.2107867620476809,0.0022315747004551067,0.0,0.002759846073223807,0.0
181,2.2625,2.917017943936155,-0.05352125730745172,0.05352125730745172,0.2284086488051728,0.0025462026307813772,0.0,0.0005092121576377751,0.0
182,2.275,2.916348928219812,0.16759357867485392,0.16759357867485392,0.2312470711828776,0.0025968809134408292,0.0,0.001594519488079677,0.0
183,2.2875,2.9184438479532475,0.12103874111573987,0.12103874111573987,0.3007630978439819,0.003838046737162309,0.0,0.0011515872687229394,0.0
184,2.3,2.9199568322171943,-0.11050048709616789,0.11050048709616789,0.31439768527381307,0.004081483894768406,0.0,0.001051324170712832,0.0
185,2.3125,2.918575576128492,0.1696290340844797,0.1696290340844797,0.3929601522441193,0.005484168336244835,0.0,0.0016138852259762477,0.0
186,2.325,2.920695939054548,0.16273543828194903,0.16273543828194903,0.39407617518726307,0.005504094238256927,0.0,0.0015482981495679993,0.0
187,2.3375,2.9227301320330725,-0.39778694399984715,0.39778694399984715,0.39821568776178506,0.005578002684713587,0.0,0.0037846261135217585,0.0
188,2.35,2.9177577952330744,-0.38217788371628814,0.38217788371628814,0.384742041688856,0.005337439035870931,0.0,0.003636118330529475,0.0
189,2.3625,2.912980571686621,0.11533473733877031,0.11533473733877031,0.36932510898278764,0.005062179201549986,0.0,0.0010973182134621563,0.0
190,2.375,2.9144222559033555,0.56916910700199,0.56916910700199,0.37956503259691854,0.005245006728349486,0.0,0.005415190965569797,0.0
191,2.3875,2.9215368697408803,0.28591971722402576,0.28591971722402576,0.3781998757479144,0.00522063269395216,0.0,0.0027202985027513136,0.0
192,2.4,2.9251108662061807,-0.6758583961289588,0.6758583961289588,0.3647381637397587,0.0049802821204828545,0.0,0.006430254621513101,0.0
193,2.4125,2.9166626362545687,-0.18921103031388498,0.18921103031388498,0.2834670352198325,0.00352923619598027,0.0,0.0018001923318342024,0.0
194,2.425,2.914297498375645,0.22960932016747648,0.22960932016747648,0.2917047730521092,0.003676315929291898,0.0,0.0021845499006979564,0.0
195,2.4375,2.9171676148777386,0.2717353310176662,0.2717353310176662,0.2809800367079567,0.0034848323699153147,0.0,0.0025853453594905664,0.0
196,2.45,2.9205643065154594,0.2303404320994673,0.2303404320994673,0.281911619616205,0.0035014652087471086,0.0,0.0021915058487285708,0.0
197,2.4625,2.9234435619167027,-0.27322284750404435,0.27322284750404435,0.28660961534321355,0.0035853450277819206,0.0,0.002599497894719684,0.0
198,2.475,2.920028276322902,-0.5618520523491455,0.5618520523491455,0.38591363940073503,0.0053583571911363865,0.0,0.005345575015295593,0.0
199,2.4875,2.913005125668538,0.04171739778044525,0.04171739778044525,0.33086200713909064,0.00437544421717801,0.0,0.0003969078307107747,0.0
200,2.5,2.9135265931407934,0.1879936896881773,0.1879936896881773,0.47351297613981036,0.0069223893742652275,0.0,0.0017886103048456396,0.0
201,2.5125,2.9158765142618956,0.27148799331264684,0.27148799331264684,0.47935258782021695,0.007026652042741083,0.0,0.0025829921381206986,0.0
202,2.525,2.9192701141783037,0.05987730090733834,0.05987730090733834,0.5268713054012865,0.007875069466484553,0.0,0.0005696848527567557,0.0
203,2.5375,2.9200185804396455,-0.2793476903307024,0.2793476903307024,0.538965704894075,0.008091007517461835,0.0,0.0026577708985289676,0.0
204,2.55,2.9165267343105117,-0.2728076196153495,0.2728076196153495,0.589299332292099,0.008989683421579828,0.0,0.002595547331901268,0.0
205,2.5625,2.91311663906532,0.780336368590433,0.780336368590433,0.5926798737121628,0.009050040905713853,0.0,0.007424279359704746,0.0
206,2.575,2.9228708436727002,-0.0006117758115564698,0.0006117758115564698,0.5489011414766615,0.008268398615922847,0.0,5.820559842302093e-06,0.0
207,2.5875,2.9228631964750558,-0.9590095451636316,0.9590095451636316,0.5625627510162882,0.008512318236649666,0.0,0.009124212401863795,0.0
208,2.6,2.9108755771605104,0.2825890061199132,0.2825890061199132,0.4580003009220305,0.00664542011638944,0.0,0.002688609438011104,0.0
209,2.6125,2.9144079397370093,0.6754416944159303,0.6754416944159303,0.45597371781554963,0.006609236723702776,0.0,0.006426290036429389,0.0
210,2.625,2.9228509609172084,0.3266658230327124,0.3266658230327124,0.41482423328579887,0.005874538031686493,0.0,0.0031079652635486094,0.0
211,2.6375,2.9269342837051173,-0.7296249091119833,0.7296249091119833,0.4131924110677742,0.00584540285143122,0.0,0.006941800191667962,0.0
212,2.65,2.9178139723412175,-0.3261745462610577,0.3261745462610577,0.6274273076368523,0.009670434928801416,0.0,0.0031032911561476085,0.0
213,2.6625,2.9137367905129543,0.4572844753894856,0.4572844753894856,0.6283907921434557,0.009687637351015667,0.0,0.004350697761633449,0.0
214,2.675,2.919452846455323,0.3485332982696221,0.3485332982696221,0.8084724873474962,0.012902885061514383,0.0,0.003316016882805451,0.0
215,2.6875,2.923809512683693,-0.2569021646934999,0.2569021646934999,0.8185275433131121,0.013082411890355883,0.0,0.0024442195898708554,0.0
216,2.7,2.9205982356250244,0.255026649452077,0.255026649452077,0.8152763390966512,0.013024363642301045,0.0,0.002426375555354227,0.0
217,2.7125,2.9237860687431754,-0.41177468112596927,0.41177468112596927,0.811118344921409,0.01295012521825097,0.0,0.003917708297326715,0.0
218,2.725,2.9186388852291008,0.3096791117922493,0.3096791117922493,0.8386879868865197,0.01344236418849808,0.0,0.0029463502283816052,0.0
219,2.7375,2.922509874126504,-1.5217913688913143,1.5217913688913143,0.8456536356787592,0.013566731555797741,0.0,0.014478633451680867,0.0
220,2.75,2.9034874820153624,0.3406897780776674,0.3406897780776674,0.7646111788593285,0.012119768423611392,0.0,0.0032413920320199553,0.0
221,2.7625,2.9077461042413333,1.5096792018868044,1.5096792018868044,1.026118399939584,0.016788818728277272,0.0,0.014363395824533854,0.0
222,2.775,2.9266170942649183,-0.5023465645523117,0.5023465645523117,0.9925102800530091,0.01618876645535169,0.0,0.004779427668303144,0.0
223,2.7875,2.9203377622080144,-0.15331040947476282,0.15331040947476282,1.1019929039361063,0.018143511247045666,0.0,0.0014586265032698607,0.0
224,2.8,2.91842138208958,0.10458620821321318,0.10458620821321318,1.125898448618824,0.018570330017949863,0.0,0.0009950545152082782,0.0
225,2.8125,2.919728709692245,-0.7303663101856017,0.7303663101856017,1.1527166780899256,0.019049152981099392,0.0,0.006948854032690482,0.0
226,2.825,2.910599130814925,-0.4356161266435876,0.4356161266435876,1.1877650808714604,0.019674920617683913,0.0,0.00414454067242377,0.0
227,2.8375,2.90515392923188,1.1277634667037617,1.1277634667037617,1.177844329179073,0.019497791708889305,0.0,0.010729771628614646,0.0
228,2.85,2.9192509725656772,1.9652936807892019,1.9652936807892019,1.1275051600631878,0.01859901686081343,0.0,0.01869820489899479,0.0
229,2.8625,2.9438171435755423,-1.3177225713860352,1.3177225713860352,0.8933905734240815,0.01441904516611755,0.0,0.012537081292558825,0.0
230,2.875,2.927345611433217,-1.4445918819633974,1.4445918819633974,0.7830763219778436,0.012449452176691172,0.0,0.013744141788279296,0.0
231,2.8875,2.9092882129086743,-0.6705040878825841,0.6705040878825841,0.6291626361016694,0.009701418149317775,0.0,0.006379312640850502,0.0
232,2.9,2.900906911810142,0.7069693499039431,0.7069693499039431,0.6750360007103292,0.010520458809523405,0.0,0.006726250580780731,0.0
233,2.9125,2.9097440286839413,1.0907227540403852,1.0907227540403852,0.6339085538730993,0.009786153586928555,0.0,0.010377358733913595,0.0
234,2.925,2.923378063109446,-0.044860019233929904,0.044860019233929904,0.5354506287007039,0.008028247997844032,0.0,0.0004268073721541869,0.0
235,2.9375,2.922817312869022,-0.5860506926454434,0.5860506926454434,0.5936036904042362,0.009066535083541,0.0,0.0055758058143665756,0.0
236,2.95,2.915491679210954,-0.27822634214093256,0.27822634214093256,0.5763702605249053,0.008758842811426516,0.0,0.0026471021631534926,0.0
237,2.9625,2.9120138499341923,-0.5068404581472663,0.5068404581472663,0.5884839281864687,0.008975124883685187,0.0,0.0048221834884912985,0.0
238,2.975,2.9056783442073515,0.5898664920361085,0.5898664920361085,0.7857504504475556,0.012497197092853135,0.0,0.005612110107998387,0.0
239,2.9875,2.913051675357803,0.9634311436610332,0.9634311436610332,0.7576688770128865,0.011995817901643726,0.0,0.009166280391749307,0.0
240,3.0,2.9250945646535658,0.26293969090176006,0.26293969090176006,0.7404756653356327,0.011688843700746875,0.0,0.0025016618455645516,0.0
241,3.0125,2.9283813107898378,-0.5182805176749383,0.5182805176749383,0.8321024853517136,0.013324784116252094,0.0,0.004931026548027933,0.0
242,3.025,2.921902804318901,-0.7261378279707387,0.7261378279707387,0.8425561862769021,0.013511428505221596,0.0,0.006908623390502942,0.0
243,3.0375,2.912826081469267,-0.42679515226669906,0.42679515226669906,0.9098048217264817,0.014712111455914813,0.0,0.004060616123171868,0.0
244,3.05,2.907491142065933,0.436228322774852,0.436228322774852,0.9589956021434154,0.015590382531350817,0.0,0.004150365231273497,0.0
245,3.0625,2.9129439961006187,1.5574372357090382,1.5574372357090382,1.0455671837585427,0.017136064779993073,0.0,0.014817775498528762,0.0
246,3.075,2.9324119615469817,0.0347754647767573,0.0347754647767573,1.8466931526083523,0.03143967533989424,0.0,0.0003308608643123852,0.0
247,3.0875,2.932846654856691,-0.8497859958002607,0.8497859958002607,1.8925771347398155,0.03225890556942753,0.0,0.008085037277171152,0.0
248,3.1,2.922224329909188,-1.105377746494618,1.105377746494618,1.9309245810947206,0.03294357559630828,0.0,0.01051678932099635,0.0
249,3.1125,2.908407108078005,0.6392696944492471,0.6392696944492471,1.9031361057994811,0.03244742949178591,0.0,0.0060821422514978915,0.0
250,3.125,2.9163979792586208,1.2124467980230236,1.2124467980230236,1.9672865569081384,0.03359279627001881,0.0,0.01153546611387914,0.0
251,3.1375,2.9315535642339086,0.957901932531513,0.957901932531513,1.956302282434773,0.0333966788172596,0.0,0.009113674349385169,0.0
252,3.15,2.9435273383905525,1.2564237008946577,1.2564237008946577,1.9603428178607296,0.03346882008771341,0.0,0.011953871336851617,0.0
253,3.1625,2.9592326346517357,-4.578441837162011,4.578441837162011,2.0635049320143164,0.0353107160725702,0.0,0.043560229408058544,0.0
254,3.175,2.9020021116872106,-1.1720879750878765,1.1720879750878765,1.3889132572841751,0.02326629737004726,0.0,0.01115148404132671,0.0
255,3.1875,2.887351011998612,1.3766293815493924,1.3766293815493924,1.3261840690761806,0.0221463063651943,0.0,0.013097532698446586,0.0
256,3.2,2.9045588792679795,0.607880216012866,0.607880216012866,1.2547297580025507,0.02087053366756147,0.0,0.005783496351796866,0.0
257,3.2125,2.9121573819681403,-1.5475724928390733,1.5475724928390733,1.247606476285269,0.02074335186151074,0.0,0.01472392032295804,0.0
258,3.225,2.892812725807652,-1.0607756709976357,1.0607756709976357,1.1548719851102842,0.01908763465995508,0.0,0.010092436078162887,0.0
259,3.2375,2.8795530299201815,1.0218507026844748,1.0218507026844748,1.202618366838703,0.019940116886774165,0.0,0.009722095990917458,0.0
260,3.25,2.8923261637037374,2.2134745635412045,2.2134745635412045,1.7796361837416397,0.030242414477942712,0.0,0.021059448433776242,0.0
261,3.2625,2.9199945957480025,1.526548103000387,1.526548103000387,1.8927286781395734,0.03226161128345671,0.0,0.01452388999012644,0.0
262,3.275,2.9390764470355073,-0.10612922236287403,0.10612922236287403,2.3770401706994617,0.040908694574498826,0.0,0.0010097350665245683,0.0
263,3.2875,2.9377498317559714,-0.6478959009829666,0.6478959009829666,2.7029574298516588,0.04672774642268249,0.0,0.006164213739767148,0.0
264,3.3,2.9296511329936843,-0.4763607765489297,0.4763607765489297,2.713319905656577,0.04691276204333794,0.0,0.004532193581459716,0.0
265,3.3125,2.9236966232868227,-0.7827130247933312,0.7827130247933312,2.7124956071505766,0.046898044701404976,0.0,0.007446891351536119,0.0
266,3.325,2.913912710476906,1.4232842647560773,1.4232842647560773,2.7088453434374453,0.04683287149191767,0.0,0.013541416772498536,0.0
267,3.3375,2.931703763786357,3.8484660503081614,3.8484660503081614,2.6937750530730376,0.04656380074302333,0.0,0.03661509089399326,0.0
268,3.35,2.979809589415209,2.867403854360191,2.867403854360191,2.3278303485475136,0.040030083520616704,0.0,0.027281065074947982,0.0
269,3.3625,3.0156521375947114,-4.344368090218609,4.344368090218609,2.1073661657629357,0.0360938313760446,0.0,0.04133320404049841,0.0
270,3.375,2.961347536466979,-3.6409524258921877,3.6409524258921877,1.4679960805098162,0.02467827245184509,0.0,0.03464076394907336,0.0
271,3.3875,2.9158356311433264,-0.9320823146299873,0.9320823146299873,0.7312585434379557,0.011524277668395196,0.0,0.008868021238781052,0.0
272,3.4,2.9041846022104516,0.4371952155112879,0.4371952155112879,0.669019195408321,0.010413032458111735,0.0,0.004159564445964895,0.0
273,3.4125,2.9096495424043427,-0.6740364129582233,0.6740364129582233,0.6668184986200363,0.010373740372916641,0.0,0.006412919902034813,0.0
274,3.425,2.901224087242365,-1.172341943918056,1.172341943918056,0.630539452253653,0.00972600035338592,0.0,0.011153900352573765,0.0
275,3.4375,2.886569812943389,0.33113698201201913,0.33113698201201913,0.5887077557411237,0.008979121186762161,0.0,0.0031505047819667853,0.0
276,3.45,2.8907090252185395,0.632130575014358,0.632130575014358,0.8244957836783372,0.013188971144744583,0.0,0.00601421921317705,0.0
277,3.4625,2.898610657406219,-0.7653082971117797,0.7653082971117797,0.8519972149585605,0.01367999225524106,0.0,0.007281299222694506,0.0
278,3.475,2.8890443036923217,-0.5425376367412227,0.5425376367412227,0.9176605045455757,0.014852369832369332,0.0,0.0051618137260432614,0.0
279,3.4875,2.8822625832330564,0.4141961528507565,0.4141961528507565,1.7013501311290096,0.02884466524450983,0.0,0.003940746673173429,0.0
280,3.5,2.887440035143691,0.4094160068715169,0.4094160068715169,1.86291121319878,0.031729238818975325,0.0,0.003895267389420257,0.0
281,3.5125,2.892557735229585,-0.27890825008459075,0.27890825008459075,1.857931328914977,0.031640326053444634,0.0,0.002653589974403999,0.0
282,3.525,2.8890713821035274,-0.9830362150200145,0.9830362150200145,1.8609777562810368,0.03169471813700885,0.0,0.009352807039096201,0.0
283,3.5375,2.8767834294157772,-1.6659482302655348,1.6659482302655348,1.8702996361953308,0.03186115455920056,0.0,0.015850171231463858,0.0
284,3.55,2.855959076537458,-0.8766052246127032,0.8766052246127032,1.7973233561845485,0.030558208043956314,0.0,0.008340200889851523,0.0
285,3.5625,2.8450015112297993,1.230978947047312,1.230978947047312,1.77314711073971,0.030126556077736774,0.0,0.011711784759312173,0.0
286,3.575,2.8603887480678907,4.088310020534109,4.088310020534109,1.7299431239080958,0.029355175513002686,0.0,0.03889701534269564,0.0
287,3.5875,2.911492623324567,2.1859381989408533,2.1859381989408533,1.1216820245204766,0.018495048363624353,0.0,0.020797461844950477,0.0
288,3.6,2.9388168508113277,-0.13923557124098096,0.13923557124098096,1.0244639675880234,0.016759279858018953,0.0,0.0013247156217624332,0.0
289,3.6125,2.9370764061708154,-0.4103960321902278,0.4103960321902278,1.0250530895982057,0.016769798268523126,0.0,0.0039045915501777985,0.0
290,3.625,2.9319464557684376,-1.1156255457265019,1.1156255457265019,1.4637137075928601,0.024601813321997696,0.0,0.010614288972918386,0.0
291,3.6375,2.9180011364468563,-0.7963589932924009,0.7963589932924009,1.7155867382359402,0.029098851092516007,0.0,0.00757672187891988,0.0
292,3.65,2.9080466490307013,0.2790558311933822,0.2790558311933822,1.692327388173595,0.028683569728405627,0.0,0.0026549940911720815,0.0
293,3.6625,2.9115348469206186,0.5518418733045394,0.5518418733045394,1.6939976686348015,0.028713391556896856,0.0,0.00525033613029775,0.0
294,3.675,2.9184328703369253,1.684641695258442,1.684641695258442,1.693675646024968,0.02870764204161257,0.0,0.016028024669922585,0.0
295,3.6875,2.939490891527656,1.7632846235419564,1.7632846235419564,1.5938727851744163,0.02692572345467693,0.0,0.01677624952876994,0.0
296,3.7,2.9615319493219303,0.17042848696114277,0.17042848696114277,1.4714525446817384,0.024739985489933728,0.0,0.001621491383692551,0.0
297,3.7125,2.9636623054089446,-2.9836582836579595,2.9836582836579595,1.4707328381926046,0.024727135574017532,0.0,0.02838713342527844,0.0
298,3.725,2.92636657686322,-2.7660189202541474,2.7660189202541474,1.027672498997029,0.016816566209389535,0.0,0.026316468134492434,0.0
299,3.7375,2.8917913403600433,-0.007791341932907869,0.007791341932907869,0.39057469182827453,0.005441577410321799,0.0,7.412841618721289e-05,0.0
300,3.75,2.891693948585882,0.35088610337897563,0.35088610337897563,0.5597395306447919,0.008461911376444349,0.0,0.0033384019504684313,0.0
301,3.7625,2.896080024878119,0.5438770025620343,0.5438770025620343,0.5773008404068445,0.008775457741841576,0.0,0.005174556725624977,0.0
302,3.775,2.9028784874101445,0.46169658051116613,0.46169658051116613,0.6121398242763297,0.009397486332784954,0.0,0.004392675429606185,0.0
303,3.7875,2.908649694666534,0.3272762610779978,0.3272762610779978,0.5903659932694517,0.009008727996107102,0.0,0.003113773095609772,0.0
304,3.8,2.912740647930009,0.11002631444139155,0.11002631444139155,0.5926579436826072,0.00904964935854833,0.0,0.0010468127953681824,0.0
305,3.8125,2.9141159768605265,0.21601440807167194,0.21601440807167194,0.8180184559556837,0.013073322449263266,0.0,0.0020552051343477704,0.0
306,3.825,2.9168161569614224,-0.6498948105805624,0.6498948105805624,0.8704495563849248,0.014009447441995252,0.0,0.006183231773354578,0.0
307,3.8375,2.9086924718291653,-1.1340805629084372,1.1340805629084372,0.8724455573973358,0.014045084810235461,0.0,0.0107898737702723,0.0
308,3.85,2.89451646479281,-0.5318499815628996,0.5318499815628996,0.9094450100146233,0.014705687239497632,0.0,0.0050601291949385575,0.0
309,3.8625,2.8878683400232736,0.7920312032746679,0.7920312032746679,0.9538281835415895,0.01549812145612113,0.0,0.007535546402042094,0.0
310,3.875,2.897768730064207,0.06081500478885005,0.06081500478885005,0.9160150678551582,0.014822991574098046,0.0,0.0005786063587293632,0.0
311,3.8875,2.8985289176240676,0.3588888528134504,0.3588888528134504,0.9265166655227367,0.015010491129891335,0.0,0.003414541740741931,0.0
312,3.9,2.9030150282842357,1.5985593008899457,1.5985593008899457,0.917830016496527,0.014855396363808747,0.0,0.01520901921346996,0.0
313,3.9125,2.92299701954536,0.8688429731011738,0.8688429731011738,0.8176244271829929,0.013066287308307774,0.0,0.008266349245866271,0.0
314,3.925,2.9338575567091247,-0.6709648486415887,0.6709648486415887,0.8757027123452256,0.014103239304933414,0.0,0.006383696412683435,0.0
315,3.9375,2.925470496101105,-1.3466887272536,1.3466887272536,0.848547788877856,0.01361840487793459,0.0,0.012812671207105565,0.0
316,3.95,2.908636887010435,-0.9718272597074318,0.9718272597074318,0.7723873251253517,0.012258606723917294,0.0,0.009246162752195435,0.0
317,3.9625,2.896489046264092,-0.2483478075527401,0.2483478075527401,0.8337670418798819,0.01335450374744573,0.0,0.0023628316913798394,0.0
318,3.975,2.8933846986696827,-0.3981139038477721,0.3981139038477721,0.8317749244312654,0.013318935717844212,0.0,0.003787736876198098,0.0
319,3.9875,2.8884082748715856,0.025133049932470897,0.025133049932470897,0.853981770155177,0.013715425265492598,0.0,0.00023912096292157887,0.0
320,4.0,2.8887224379957415,1.0789689320903406,1.0789689320903406,0.8799531182580029,0.014179127683617676,0.0,0.01026553047469893,0.0
321,4.0125,2.9022095496468707,1.2416329585537866,1.2416329585537866,0.833952088888544,0.013357807647768642,0.0,0.011813149197661313,0.0
322,4.025,2.917729961628793,0.27498855415878154,0.27498855415878154,0.7268767992137674,0.011446044325084816,0.0,0.0026162971879472165,0.0
323,4.0375,2.921167318555778,-0.9088240578628515,0.9088240578628515,0.7241786871041483,0.011397871195809837,0.0,0.008646737440396934,0.0
324,4.05,2.909807017832492,-1.3164841904091062,1.3164841904091062,0.6956817453200691,0.010889075858650994,0.0,0.01252529908337758,0.0
325,4.0625,2.8933509654523784,-0.18743796791557799,0.18743796791557799,1.1545032867244003,0.0190810517774487,0.0,0.0017833230545621491,0.0
326,4.075,2.8910079908534336,0.6767402686369195,0.6767402686369195,1.3143996067680368,0.021935902051681,0.0,0.006438644936410984,0.0
327,4.0875,2.899467244211395,0.6007434417418267,0.6007434417418267,1.3824019486489294,0.023150041966308953,0.0,0.005715595625843185,0.0
328,4.1,2.906976537233168,-0.7303716357121459,0.7303716357121459,2.0360472566989998,0.03482047619786689,0.0,0.0069489047008361605,0.0
329,4.1125,2.897846891786766,-0.45237458058174695,0.45237458058174695,2.0797049855953684,0.03559995804759391,0.0,0.004303984021063774,0.0
330,4.125,2.8921922095294943,-0.21047047746282743,0.21047047746282743,2.0878940364589584,0.03574616850507812,0.0,0.002002459047855315,0.0
331,4.1375,2.889561328561209,0.708708492594674,0.708708492594674,2.0865761187069354,0.03572263789565101,0.0,0.006742797139037011,0.0
332,4.15,2.8984201847186424,2.919652138506237,2.919652138506237,2.1209971375373926,0.03633720397835178,0.0,0.027778165906306357,0.0
333,4.1625,2.9349158364499703,1.786975346649342,1.786975346649342,1.862724266266109,0.03172590099667987,0.0,0.017001647900116337,0.0
334,4.175,2.957253028283087,-1.3874753915100158,1.3874753915100158,1.7548447045615325,0.029799777892456327,0.0,0.013200723849246417,0.0
335,4.1875,2.939909585889212,-4.2704237440634785,4.2704237440634785,1.6858495332049193,0.028567911619271445,0.0,0.040629682450292304,0.0
336,4.2,2.8865292890884184,-1.4038938318272187,1.4038938318272187,0.7509393084813836,0.011875665601938621,0.0,0.013356932238951154,0.0
337,4.2125,2.868980616190578,0.6911383393516246,0.6911383393516246,0.5649500466504535,0.008554941929265047,0.0,0.006575631117664903,0.0
338,4.225,2.8776198454324735,0.01688061909860039,0.01688061909860039,0.5760872102750447,0.00875378912361672,0.0,0.00016060565289192024,0.0
339,4.2375,2.877830853171206,1.2887588578727716,1.2887588578727716,0.6393217056309398,0.00988280207625035,0.0,0.01226151461506902,0.0
340,4.25,2.8939403388946157,0.541545277370652,0.541545277370652,0.490548627764287,0.007226550437500394,0.0,0.0051523722166008055,0.0
341,4.2625,2.900709654861749,-0.26680863828001833,0.26680863828001833,0.7143401619805272,0.011222210391736638,0.0,0.002538471799989812,0.0
342,4.275,2.8973745468832486,-0.1611137917206662,0.1611137917206662,0.7087570273866013,0.011122526963611492,0.0,0.0015328694734505245,0.0
343,4.2875,2.8953606244867403,-0.10530206637653805,0.10530206637653805,0.7762112177861608,0.012326879971283877,0.0,0.0010018653357728115,0.0
344,4.3,2.8940443486570335,-0.11396303148529796,0.11396303148529796,1.0724351612158196,0.01761577596278353,0.0,0.0010842675242139842,0.0
345,4.3125,2.8926198107634673,0.7611409548689352,0.7611409548689352,1.143653440360959,0.01888733445576428,0.0,0.007241650278670194,0.0
346,4.325,2.902134072699329,0.7843029458621942,0.7843029458621942,1.2521835941103951,0.020825073480086383,0.0,0.007462018184848326,0.0
347,4.3375,2.9119378595226064,-0.5622678161073225,0.5622678161073225,1.515640700920991,0.025528937793045037,0.0,0.0053495306764855515,0.0
348,4.35,2.904909511821265,-1.565382564735529,1.565382564735529,1.516497094755462,0.025544228177292298,0.0,0.014893368979329859,0.0
349,4.3625,2.8853422297620708,-0.08731611691459307,0.08731611691459307,1.4758852475433442,0.024819128668317023,0.0,0.000830743344372848,0.0
350,4.375,2.8842507783006384,0.9095582993190021,0.9095582993190021,1.5265245690240274,0.025723262551927435,0.0,0.008653723163358669,0.0
351,4.3875,2.895620257042126,2.0957087317522394,2.0957087317522394,1.5258468993823877,0.025711163178022228,0.0,0.019939000291895298,0.0
352,4.4,2.921816616189029,1.1294227311529426,1.1294227311529426,1.3341181680095515,0.022287964813053132,0.0,0.010745558208989718,0.0
353,4.4125,2.9359344003284407,-1.6307973653574948,1.6307973653574948,1.2734031351491681,0.021203935310909583,0.0,0.015515738733739914,0.0
354,4.425,2.915549433261472,-2.539439890668902,2.539439890668902,1.1463768219671846,0.01893595875633136,0.0,0.024160749036419,0.0
355,4.4375,2.8838064346281107,-0.5804470087251445,0.5804470087251445,0.713347930815115,0.011204494715641616,0.0,0.005522491222682306,0.0
356,4.45,2.8765508470190464,1.2158179049892937,1.2158179049892937,0.7463609346818942,0.011793921558714593,0.0,0.011567539513090619,0.0
357,4.4625,2.8917485708314126,1.1063200583991772,1.1063200583991772,0.6102370560715147,0.00936351357887896,0.0,0.010525754668640034,0.0
358,4.475,2.9055775715614023,-0.9004156284888154,0.9004156284888154,0.731710209006649,0.011532341878830392,0.0,0.008566737928440373,0.0
359,4.4875,2.894322376205292,-0.07276877908211077,0.07276877908211077,0.6855857914429341,0.010708818822798576,0.0,0.0006923370053174952,0.0
360,4.5,2.8934127664667657,0.09523535478759726,0.09523535478759726,1.2471248034948978,0.02073475189062144,0.0,0.000906088588618405,0.0
361,4.5125,2.8946032084016107,-0.447765824448183,0.447765824448183,1.4374369767319175,0.02413265848288809,0.0,0.0042601353752571725,0.0
362,4.525,2.8890061355960084,0.07898466912937607,0.07898466912937607,1.4368583537205184,0.024122327525538233,0.0,0.0007514762509526391,0.0
363,4.5375,2.8899934439601256,0.8499610139919156,0.8499610139919156,1.7486461714168762,0.02968910690238582,0.0,0.008086702435941368,0.0
364,4.55,2.9006179566350245,0.029835153114063928,0.029835153114063928,1.8821243182857201,0.03207227697214443,0.0,0.00028385773158117963,0.0
365,4.5625,2.9009908960489503,-1.5899775452848885,1.5899775452848885,1.8832364589658606,0.03209213355874265,0.0,0.015127370640401726,0.0
366,4.575,2.8811161767328892,-0.5364444833698556,0.5364444833698556,1.9226413719471667,0.03279568400067954,0.0,0.005103842222174653,0.0
367,4.5875,2.874410620690766,2.9474793433914215,2.9474793433914215,2.007362233170392,0.03430832277704609,0.0,0.02804291960891865,0.0
368,4.6,2.911254112483159,2.0239338095584003,2.0239338095584003,1.728530530064541,0.02932995452029597,0.0,0.019256119043709084,0.0
369,4.6125,2.936553285102639,-0.43265363304346494,0.43265363304346494,1.7186644083312494,0.029153800995760763,0.0,0.0041163549041141655,0.0
370,4.625,2.9311451146895955,-2.8199025889546547,2.8199025889546547,1.769633358007078,0.030063820187695017,0.0,0.026829128348037235,0.0
371,4.6375,2.8958963323276623,-2.144635600440985,2.144635600440985,1.4791193162050447,0.02487687097159969,0.0,0.02040450049919307,0.0
372,4.65,2.86908838732215,-0.18544816938334208,0.18544816938334208,1.2901262293882543,0.021502515854610892,0.0,0.0017643917055087468,0.0
373,4.6625,2.866770285204858,1.930748785437153,1.930748785437153,1.2889708442722851,0.021481887165256015,0.0,0.018369537719213517,0.0
374,4.675,2.8909046450228226,1.717963621275338,1.717963621275338,1.141558414230174,0.018849929055049845,0.0,0.01634505627002566,0.0
375,4.6875,2.9123791902887644,0.5951064991832666,0.5951064991832666,1.1265618353954123,0.018582174380099965,0.0,0.005661964604691428,0.0
376,4.7,2.919818021528555,-1.9555624526638837,1.9555624526638837,1.1096421298747756,0.018280083463108648,0.0,0.018605620009934855,0.0
377,4.7125,2.8953734908702566,-1.2686796887473761,1.2686796887473761,0.9780385321292021,0.015930382312942245,0.0,0.012070477304880627,0.0
378,4.725,2.8795149947609144,0.6335490901176755,0.6335490901176755,0.9143821985890381,0.014793837699444168,0.0,0.006027715255174955,0.0
379,4.7375,2.8874343583873854,0.6422738887392754,0.6422738887392754,0.9453788077255967,0.015347263057011035,0.0,0.006110724768676078,0.0
380,4.75,2.8954627819966263,-0.10272400184600627,0.10272400184600627,0.917935923607514,0.014857287270020735,0.0,0.0009773371040352748,0.0
381,4.7625,2.8941787319735512,0.9281535854548295,0.9281535854548295,1.0142668585044605,0.016577216758282564,0.0,0.008830642508147643,0.0
382,4.775,2.9057806517917366,1.636852666242028,1.636852666242028,1.0243052685334684,0.016756446384182326,0.0,0.015573350101328803,0.0
383,4.7875,2.926241310119762,-0.2268577632759161,0.2268577632759161,0.8479578689375178,0.013607872220879133,0.0,0.0021583710272539748,0.0
384,4.8,2.923405588078813,-1.275246728190318,1.275246728190318,0.8617743343334578,0.013854556697505963,0.0,0.012132957457482857,0.0
385,4.8125,2.907465003976434,-0.8036365041340332,0.8036365041340332,0.7616880833790325,0.012067578354876523,0.0,0.007645961601309286,0.0
386,4.825,2.8974195476747586,0.9287382460037463,0.9287382460037463,0.7272526657907045,0.011452755191225768,0.0,0.008836205087851058,0.0
387,4.8375,2.9090287757498055,0.058633660778966146,0.058633660778966146,0.664651760996415,0.010335054607682664,0.0,0.0005578526069360815,0.0
388,4.85,2.9097616965095425,-1.2245813259420046,1.2245813259420046,0.7135830122894584,0.011208691950520527,0.0,0.011650916487326923,0.0
389,4.8625,2.8944544299352675,-1.0125123511700806,1.0125123511700806,0.5980307618972828,0.009145577717308435,0.0,0.009633249010060704,0.0
390,4.875,2.8817980255456415,0.19477362697429612,0.19477362697429612,0.5675582498871672,0.00860150979101167,0.0,0.001853116010948188,0.0
391,4.8875,2.88423269588282,0.49035098790671583,0.49035098790671583,0.7203588643466324,0.011329670614058882,0.0,0.004665299305609341,0.0
392,4.9,2.890362083231654,0.5712828389914293,0.5712828389914293,0.7183296805598961,0.011293440787828665,0.0,0.005435301442811155,0.0
393,4.9125,2.897503118719047,0.4854413034356142,0.4854413034356142,0.6966338477933464,0.010906075061673246,0.0,0.004618587566225328,0.0
394,4.925,2.903571135011992,-0.4067909998484609,0.4067909998484609,0.7178963033107714,0.011285703104071015,0.0,0.0038702925372349636,0.0
395,4.9375,2.8984862475138864,-0.736849999956597,0.736849999956597,0.7134520273413688,0.011206353294978783,0.0,0.007010541179514718,0.0
396,4.95,2.889275622514429,-0.5358358310384403,0.5358358310384403,0.755986985142892,0.011965788758602955,0.0,0.005098051379759445,0.0
397,4.9625,2.8825776746264484,0.8608332358757309,0.8608332358757309,0.7833381583292033,0.012454127103414182,0.0,0.008190142972324347,0.0
398,4.975,2.893338090074895,1.2697609921504949,1.2697609921504949,0.7220652496892969,0.011360137072962514,0.0,0.012080765045988803,0.0
399,4.9875,2.9092101024767762,0.46592830305229427,0.46592830305229427,0.709839304274612,0.011141850350601818,0.0,0.004432936900918674,0.0
400,5.0,2.91503420626493,-0.2842069412782777,0.2842069412782777,0.7855721809061844,0.012494014200032762,0.0,0.0027040028030842767,0.0
401,5.0125,2.9114816194989515,-0.6901190726306083,0.6901190726306083,0.8936955898657397,0.014424491046747423,0.0,0.006565933606202578,0.0
402,5.025,2.902855131091069,-0.3385091751188085,0.3385091751188085,0.8876915871993438,0.014317293278506265,0.0,0.003220645330737262,0.0
403,5.0375,2.8986237664020837,1.021258113083796,1.021258113083796,0.8810518010683623,0.014198743988243029,0.0,0.00971645797259846,0.0
404,5.05,2.911389492815631,0.7898979848928889,0.7898979848928889,0.87710313708914,0.014128243025864047,0.0,0.007515250527289782,0.0
405,5.0625,2.9212632176267923,-0.05577002871177683,0.05577002871177683,0.8704922242829884,0.014010209251025346,0.0,0.00053060742741353,0.0
406,5.075,2.920566092267895,-1.2133597495634163,1.2133597495634163,0.9200315697062602,0.014894703739881122,0.0,0.011544152121030124,0.0
407,5.0875,2.9053990953983524,-1.0597658664772425,1.0597658664772425,0.8225035118332402,0.013153400358489041,0.0,0.010082828592007096,0.0
408,5.1,2.892152022067387,-1.2382725196518507,1.2382725196518507,0.7413094014589211,0.011703729545521523,0.0,0.011781177296589652,0.0
409,5.1125,2.8766736155717387,0.6250605630822292,0.6250605630822292,0.6254686198636308,0.009635463765456377,0.0,0.005946953677731887,0.0
410,5.125,2.8844868726102666,0.14365179807484196,0.14365179807484196,0.726118375555761,0.01143250313797399,0.0,0.0013667325045454747,0.0
411,5.1375,2.886282520086202,0.9936947362977833,0.9936947362977833,0.7360853877271832,0.01161045799911836,0.0,0.009454214384329198,0.0
412,5.15,2.8987037042899244,0.7290495333666414,0.7290495333666414,0.8028226339032779,0.012802010409426096,0.0,0.006936325949479387,0.0
413,5.1625,2.9078168234570074,-0.8442282332726592,0.8442282332726592,0.8414110180389909,0.013490982231929313,0.0,0.008032159590982635,0.0
414,5.175,2.897263970541099,0.33566856217909447,0.33566856217909447,0.7918487720589111,0.012606078867741911,0.0,0.003193619159888242,0.0
415,5.1875,2.901459827568338,-0.327604190231483,0.327604190231483,0.8102804121095263,0.012935164444187255,0.0,0.003116893080456901,0.0
416,5.2,2.8973647751904443,0.516420137936926,0.516420137936926,0.8020347675756084,0.01278794354158954,0.0,0.0049133265157776254,0.0
417,5.2125,2.903820026914656,1.216139759487227,1.216139759487227,0.7818240244872169,0.012427093176599359,0.0,0.011570601702425905,0.0
418,5.225,2.9190217739082462,0.37044063051460796,0.37044063051460796,0.6558347934017058,0.010177633083855327,0.0,0.0035244477097659322,0.0
419,5.2375,2.923652281789679,-1.345008957888858,1.345008957888858,0.6436017995990267,0.00995922051686986,0.0,0.012796689538781884,0.0
420,5.25,2.906839669816068,-1.0193624381260236,1.0193624381260236,0.4552467467567347,0.006596257103370987,0.0,0.009698422134428925,0.0
421,5.2625,2.894097639339493,0.25521975261533214,0.25521975261533214,0.31696287971447074,0.0041272838609613255,0.0,0.002428212778232662,0.0
422,5.275,2.8972878862471845,0.590688015057701,0.590688015057701,0.38040422913413957,0.005259990065450468,0.0,0.005619926245574736,0.0
423,5.2875,2.9046714864354057,-0.031110812760815065,0.031110812760815065,0.33914089403102804,0.004523258641595879,0.0,0.0002959946176300645,0.0
424,5.3,2.9042826012758955,-0.10296627500991917,0.10296627500991917,0.34048708182509824,0.0045472939952051475,0.0,0.0009796421403281469,0.0
425,5.3125,2.9029955228382716,-0.17308865466173273,0.17308865466173273,0.4047920570667547,0.005695419706622671,0.0,0.0016468007617348925,0.0
426,5.325,2.900831914655,0.10029088903205974,0.10029088903205974,0.49677214213288495,0.007337667451932195,0.0,0.0009541879724921089,0.0
427,5.3375,2.9020855507679006,0.3914839571235973,0.3914839571235973,0.5762782635596672,0.008757200262296138,0.0,0.0037246582108923314,0.0
428,5.35,2.9069791002319456,-0.429914774968978,0.429914774968978,0.5660417225865579,0.008574433130467865,0.0,0.004090296849805734,0.0
429,5.3625,2.9016051655448334,-0.6473580195958206,0.6473580195958206,0.6316960802146387,0.00974665123297279,0.0,0.006159096226549392,0.0
430,5.375,2.8935131902998856,-0.3337449307795026,0.3337449307795026,0.6288668468949538,0.00969613701528244,0.0,0.0031753173384295452,0.0
431,5.3875,2.889341378665142,-0.09103371768464541,0.09103371768464541,0.634818035025823,0.009802391812533458,0.0,0.0008661133563006253,0.0
432,5.4,2.888203457194084,0.6276968268088723,0.6276968268088723,0.7054385865989213,0.011063278248005362,0.0,0.005972035628490902,0.0
433,5.4125,2.8960496675291947,0.8326867936098736,0.8326867936098736,0.6699671224995187,0.010429957112259622,0.0,0.007922351980164138,0.0
434,5.425,2.906458252449318,0.8322084289643072,0.8322084289643072,0.6312247246739104,0.00973823547021889,0.0,0.00791780072136416,0.0
435,5.4375,2.916860857811372,-0.24436130205998552,0.24436130205998552,0.5755691348495975,0.008744539206107628,0.0,0.0023249032650773846,0.0
436,5.45,2.913806341535622,-0.9021753499929375,0.9021753499929375,0.584823942762776,0.008909778099045843,0.0,0.008583480277724286,0.0
437,5.4625,2.9025291496607104,-0.6249327903507051,0.6249327903507051,0.5504821725494334,0.008296626951574607,0.0,0.005945738021905027,0.0
438,5.475,2.8947174897813266,0.4141848507424939,0.4141848507424939,0.5312809456229611,0.007953800875641926,0.0,0.003940639142610363,0.0
439,5.4875,2.8998948004156078,0.87491967214401,0.87491967214401,0.5144293305339992,0.007652925671354228,0.0,0.00832416419989739,0.0
440,5.5,2.910831296317408,-0.060844658982830424,0.060844658982830424,0.41541303236184113,0.005885050676400569,0.0,0.00057888849477884,0.0
441,5.5125,2.9100707380801225,-0.5385879303579344,0.5385879303579344,0.4193382245505041,0.0059551325644212625,0.0,0.005124235413973416,0.0
442,5.525,2.9033383889506483,0.39402065536481956,0.39402065536481956,0.3757785286170837,0.005177401032844655,0.0,0.0037487928753167582,0.0
443,5.5375,2.9082636471427086,0.38160996611871667,0.38160996611871667,0.3509093463535513,0.004733377106680483,0.0,0.003630715046679872,0.0
444,5.55,2.9130337717191925,-0.7085287490737713,0.7085287490737713,0.36606432292728136,0.005003959875662846,0.0,0.006741087022520605,0.0
445,5.5625,2.9041771623557704,-0.4736787514273644,0.4736787514273644,0.28003542465880665,0.0034679669038006275,0.0,0.004506676247456412,0.0
446,5.575,2.8982561779629283,-0.17485375042483042,0.17485375042483042,0.2308070694354777,0.0025890249533481614,0.0,0.0016635942428147761,0.0
447,5.5875,2.896070506082618,0.17008246071771538,0.17008246071771538,0.2264763901072277,0.0025117033422911174,0.0,0.001618199219440826,0.0
448,5.6,2.8981965368415894,0.17295821874547812,0.17295821874547812,0.24260518901956177,0.002799673109108443,0.0,0.0016455597678253526,0.0
449,5.6125,2.900358514575908,-0.11400266106917911,0.11400266106917911,0.25276801212992234,0.0029811240539186134,0.0,0.001084644568157449,0.0
450,5.625,2.898933481312543,-0.10332091348498551,0.10332091348498551,0.2974461872334989,0.003778825341927214,0.0,0.0009830162431081419,0.0
451,5.6375,2.897641969893981,0.4822363730957946,0.4822363730957946,0.3103563077122504,0.004009327588502229,0.0,0.004588095205329481,0.0
452,5.65,2.9036699245576783,-0.2394723211836336,0.2394723211836336,0.42328436107475576,0.006025588400649034,0.0,0.0022783885039163016,0.0
453,5.6625,2.900676520542883,0.15227630627983046,0.15227630627983046,0.41508342976160445,0.005879165825058046,0.0,0.0014487878345688116,0.0
454,5.675,2.9025799743713807,0.12137153634395048,0.12137153634395048,0.43804201006208515,0.006289077130389679,0.0,0.0011547535503974376,0.0
455,5.6875,2.90409711857568,-0.2990883199817773,0.2990883199817773,0.4466630312074165,0.006443000151095815,0.0,0.002845587275113838,0.0
456,5.7,2.900358514575908,0.2649333258893094,0.2649333258893094,0.44498038345752,0.006412957512285131,0.0,0.0025206296954362476,0.0
457,5.7125,2.9036701811495242,0.4578833229982493,0.4578833229982493,0.43501307655300975,0.006234997388863073,0.0,0.004356395319917684,0.0
458,5.725,2.9093937226870024,-0.2710159380177757,0.2710159380177757,0.40823598134988853,0.005756908852723449,0.0,0.0025785009077700202,0.0
459,5.7375,2.90600602346178,-0.9462245083943088,0.9462245083943088,0.4205786742276665,0.005977280029103701,0.0,0.009002572954543138,0.0
460,5.75,2.8941782171068513,0.048413007246175255,0.048413007246175255,0.39651303591423137,0.005547602885064764,0.0,0.00046061122473155724,0.0
461,5.7625,2.8947833796974285,0.4241231717164595,0.4241231717164595,0.40356066894860526,0.005673434030493127,0.0,0.0040351943552687395,0.0
462,5.775,2.9000849193438842,0.27522270396865167,0.27522270396865167,0.5977531921767452,0.009140621880972873,0.0,0.002618524936992974,0.0
463,5.7875,2.9035252031434924,0.27830064474656524,0.27830064474656524,0.6141646748322869,0.00943363879184953,0.0,0.002647809093297435,0.0
464,5.8,2.9070039612028244,-0.004510881031087877,0.004510881031087877,0.7182675383795073,0.01129233127748674,0.0,4.291744212010058e-05,0.0
465,5.8125,2.906947575189936,-0.1703498020329164,0.1703498020329164,0.7356357492360422,0.011602429980903876,0.0,0.0016207427592376813,0.0
466,5.825,2.9048182026645244,0.39406608155335476,0.39406608155335476,0.7523101136548779,0.011900140483689502,0.0,0.0037492250693391144,0.0
467,5.8375,2.9097440286839413,-0.8590868127055629,0.8590868127055629,0.7509697209752807,0.011876208598278488,0.0,0.008173527146101854,0.0
468,5.85,2.899005443525122,-0.217836696286966,0.217836696286966,0.6870797388511112,0.010735492333275611,0.0,0.002072542756082202,0.0
469,5.8625,2.8962824848215347,1.317369267391939,1.317369267391939,0.7121498770940174,0.011183104204632439,0.0,0.012533719886302945,0.0
470,5.875,2.912749600663934,-0.48462613344174343,0.48462613344174343,0.5402169193082862,0.008113347179891584,0.0,0.004610831872650419,0.0
471,5.8875,2.906691773995912,-1.0895555607171303,1.0895555607171303,0.5170467281520329,0.007699657693114199,0.0,0.010366253818588068,0.0
472,5.9,2.893072329486948,0.4494818560990055,0.4494818560990055,0.37307785005851984,0.005129182081205085,0.0,0.004276462050366286,0.0
473,5.9125,2.8986908526881856,0.4769732356006884,0.4769732356006884,0.3462587372532613,0.004650343346668451,0.0,0.004538020641788648,0.0
474,5.925,2.904653018133194,-0.37305253563676644,0.37305253563676644,0.33796960827961914,0.004502346056192404,0.0,0.003549297907793965,0.0
475,5.9375,2.8999898614377346,-0.0549046219253313,0.0549046219253313,0.3246282715007889,0.004264144708273485,0.0,0.0005223737707483129,0.0
476,5.95,2.899303553663668,0.5727860556016751,0.5727860556016751,0.35507901224957406,0.0048078239221135645,0.0,0.005449603352220776,0.0
477,5.9625,2.906463379358689,-0.11347584044219872,0.11347584044219872,0.4122312429314161,0.00582824178658047,0.0,0.0010796322892677411,0.0
478,5.975,2.9050449313531614,-0.19719655854245843,0.19719655854245843,0.5343433678846731,0.008008478538212755,0.0,0.0018761682760425067,0.0
479,5.9875,2.9025799743713807,-0.40240455362997807,0.40240455362997807,0.5731605941442754,0.008701536195836898,0.0,0.003828558993300361,0.0
480,6.0,2.897549917451006,0.2183991445076927,0.2183991445076927,0.5772885788124205,0.00877523881862812,0.0,0.0020778940031650297,0.0
481,6.0125,2.900279906757352,0.42676716304214324,0.42676716304214324,0.5811312987826708,0.008843848216004327,0.0,0.004060349827981065,0.0
482,6.025,2.905614496295379,0.2616269531992188,0.2616269531992188,0.561590664207238,0.00849496222562554,0.0,0.002489172191330842,0.0
483,6.0375,2.908884833210369,-0.410603506766698,0.410603506766698,0.5552397280254306,0.00838157017322986,0.0,0.0039065655056125985,0.0
484,6.05,2.9037522893757854,0.8239610471138192,0.8239610471138192,0.5579187487576241,0.008429402437724061,0.0,0.007839333448392138,0.0
485,6.0625,2.914051802464708,-0.9682885229065263,0.9682885229065263,0.479332812149393,0.007026298960323304,0.0,0.009212494488549274,0.0
486,6.075,2.9019481959283766,-0.6187150698995936,0.6187150698995936,0.3418335277787785,0.004571333958095189,0.0,0.005886581361434381,0.0
487,6.0875,2.8942142575546317,0.4471260640599084,0.4471260640599084,0.27119356703816744,0.003310100983896304,0.0,0.004254048564444544,0.0
488,6.1,2.8998033333553805,0.2886348071564626,0.2886348071564626,0.27526069910975814,0.0033827171210703867,0.0,0.0027461304221087887,0.0
489,6.1125,2.9034112684448363,-0.059111023085236525,0.059111023085236525,0.2680099862629338,0.0032532601107183846,0.0,0.0005623943292755722,0.0
490,6.125,2.902672380656271,0.10819110067156856,0.10819110067156856,0.3725924274993822,0.00512051516050488,0.0,0.0010293521972718068,0.0
491,6.1375,2.9040247694146655,0.43869424075232644,0.43869424075232644,0.3713633772700561,0.005098571225939786,0.0,0.004173826477833053,0.0
492,6.15,2.9095084474240696,-0.16372148259492292,0.16372148259492292,0.3810937104987113,0.005272300330390827,0.0,0.0015576795762645278,0.0
493,6.1625,2.907461928891633,-0.1852144456504945,0.1852144456504945,0.38405742632026474,0.0053252156502906186,0.0,0.0017621680102466793,0.0
494,6.175,2.905146748321002,-0.19072141577300528,0.19072141577300528,0.380971120422014,0.005270111560105295,0.0,0.0018145624471340963,0.0
495,6.1875,2.9027627306238393,-0.4665851803623511,0.4665851803623511,0.3810751637927071,0.005271969190382679,0.0,0.00443918656561612,0.0
496,6.2,2.89693041586931,-0.2275901008400183,0.2275901008400183,0.5577572426317056,0.008426518845357814,0.0,0.0021653386361984634,0.0
497,6.2125,2.8940855396088097,0.7344795622724831,0.7344795622724831,0.5735475358297438,0.008708444801216747,0.0,0.006987988351939319,0.0
498,6.225,2.9032665341372157,-0.06626040933198851,0.06626040933198851,0.7448129532983163,0.011766283304899821,0.0,0.0006304150481383846,0.0
499,6.2375,2.902438279020566,-0.5010248521812954,0.5010248521812954,0.7930152865051464,0.012626906264431352,0.0,0.0047668526272431865,0.0
500,6.25,2.8961754683682996,0.21200530206492374,0.21200530206492374,0.8091961340913172,0.012915805328250233,0.0,0.0020170616821458247,0.0
501,6.2625,2.898825534644111,0.124159147663363,0.124159147663363,0.834902772749098,0.013374781522334797,0.0,0.001181275453021274,0.0
502,6.275,2.9003775239899032,0.19237709153308913,0.19237709153308913,0.8616210843743151,0.013851820513910458,0.0,0.00183031488398919,0.0
503,6.2875,2.902782237634067,1.2428598555435144,1.2428598555435144,0.859153432488558,0.013807762109934426,0.0,0.011824822145846176,0.0
504,6.3,2.9183179858283608,-0.4412553990449908,0.4412553990449908,0.7401852158836333,0.01168365790474191,0.0,0.004198193860175506,0.0
505,6.3125,2.9128022933402984,-1.5315928648804444,1.5315928648804444,0.737680653997853,0.011638940495457564,0.0,0.014571886883528182,0.0
506,6.325,2.893657382529293,0.7729202518267186,0.7729202518267186,0.5009511027776731,0.007412280219377522,0.0,0.007353720912304093,0.0
507,6.3375,2.903318885677127,0.6770723837842141,0.6770723837842141,0.4373898448036204,0.006277433121531534,0.0,0.006441804747656945,0.0
508,6.35,2.9117822904744295,-0.6189186539683789,0.6189186539683789,0.39837322086740967,0.005580815341250463,0.0,0.0058885183017856006,0.0
509,6.3625,2.9040458072998248,-0.6148508101177086,0.6148508101177086,0.36375090431874335,0.004962655211820698,0.0,0.0058498160057570475,0.0
510,6.375,2.8963601721733534,0.05512499881845656,0.05512499881845656,0.34256517533558645,0.0045843970744172185,0.0,0.0005244704814551856,0.0
511,6.3875,2.897049234658584,0.15012290487558033,0.15012290487558033,0.40602088221100546,0.005717359622432431,0.0,0.0014282999344244001,0.0
512,6.4,2.898925770969529,0.4063189325472649,0.4063189325472649,0.4027688929445183,0.005659297357793084,0.0,0.0038658011926536624,0.0
513,6.4125,2.9040047576263697,0.003283973876406776,0.003283973876406776,0.4923571170400818,0.007258839899218713,0.0,3.124439722379912e-05,0.0
514,6.425,2.9040458072998248,-0.3467977326760163,0.3467977326760163,0.4938362558735849,0.007285249011719248,0.0,0.0032995043577807664,0.0
515,6.4375,2.8997108356413746,0.44447473158633954,0.44447473158633954,0.4787668259236275,0.007016193624994778,0.0,0.004228823246554018,0.0
516,6.45,2.905266769786204,0.4146905816840629,0.4146905816840629,0.4572836095852185,0.00663262403416016,0.0,0.0039454507699318445,0.0
517,6.4625,2.9104504020572546,-0.5082626785259592,0.5082626785259592,0.4339932691043976,0.0062167893552226485,0.0,0.0048357147832348134,0.0
518,6.475,2.90409711857568,-0.6189145538798968,0.6189145538798968,0.39689437421737234,0.0055544114455056805,0.0,0.005888479292707573,0.0
519,6.4875,2.8963606866521814,-0.03867145235286529,0.03867145235286529,0.334555689920361,0.004441392647374271,0.0,0.00036792808469481253,0.0
520,6.5,2.8958772934977706,0.8981297632060148,0.8981297632060148,0.33968455775056117,0.004532965422329643,0.0,0.008544989739939536,0.0
521,6.5125,2.9071039155378458,-0.1080764535233314,0.1080764535233314,0.19795597992932445,0.0020024889914206007,0.0,0.0010282614209212906,0.0
522,6.525,2.905752959868804,-0.05491880649813652,0.05491880649813652,0.20225319082561305,0.0020792130442465542,0.0,0.0005225087256669131,0.0
523,6.5375,2.9050664747875774,-0.19152753050452276,0.19152753050452276,0.20154230799420964,0.0020665206693024326,0.0,0.001822231987096164,0.0
524,6.55,2.902672380656271,-0.07683191263108569,0.07683191263108569,0.28217897974960376,0.0035062387591949487,0.0,0.0007309944865750567,0.0
525,6.5625,2.9017119817483823,0.10830901920986236,0.10830901920986236,0.30697669220466706,0.003948986635965041,0.0,0.001030474098294519,0.0
526,6.575,2.9030658444885056,0.13518190702111355,0.13518190702111355,0.51394696016184,0.007644313245571919,0.0,0.0012861482336332618,0.0
527,6.5875,2.9047556183262695,0.17076356214346333,0.17076356214346333,0.525364326983957,0.007848163295368162,0.0,0.0016246793573154459,0.0
528,6.6,2.906890162853063,-0.4438973319149042,0.4438973319149042,0.5492022041619549,0.008273773904668933,0.0,0.004223329748319813,0.0
529,6.6125,2.9013414462041265,-0.15949540896553316,0.15949540896553316,0.5347678479215238,0.008016057367727272,0.0,0.001517471849850409,0.0
530,6.625,2.8993477535920573,0.026826572779761193,0.026826572779761193,0.559076380793996,0.00845007124445829,0.0,0.0002552334846832359,0.0
531,6.6375,2.8996830857518043,-0.590532126601353,0.590532126601353,0.5670363757135428,0.008592192049194473,0.0,0.005618443091007724,0.0
532,6.65,2.8923014341692874,0.35040097938459525,0.35040097938459525,0.5304012835275467,0.007938095050932261,0.0,0.0033337863818452725,0.0
533,6.6625,2.896681446411595,1.1708907506952215,1.1708907506952215,0.5520172997153364,0.00832403570125292,0.0,0.0111400934042821,0.0
534,6.675,2.911317580795285,-0.3364576253371965,0.3364576253371965,0.3675101104350147,0.005029773520791187,0.0,0.003201126467703181,0.0
535,6.6875,2.90711186047857,-0.48382153121607985,0.48382153121607985,0.4169024304064218,0.005911642960793679,0.0,0.0046031767229775195,0.0
536,6.7,2.901064091338369,-0.26809245083612154,0.26809245083612154,0.5489376336944357,0.00826905016198652,0.0,0.002550686254481051,0.0
537,6.7125,2.8977129357029177,0.4880130865149468,0.4880130865149468,0.5411072948556546,0.00812924428668479,0.0,0.00464305603495506,0.0
538,6.725,2.9038130992843545,0.2691291132007123,0.2691291132007123,0.5504635668268981,0.008296294757862657,0.0,0.0025605492716441708,0.0
539,6.7375,2.9071772131993634,-0.16459147617926106,0.16459147617926106,0.5541874868056291,0.008362783054588924,0.0,0.0015659568726603687,0.0
540,6.75,2.9051198197471226,0.5567418318147332,0.5567418318147332,0.551540937919634,0.00831553055490106,0.0,0.0052969553349060845,0.0
541,6.7625,2.912079092644807,0.11708888401201989,0.11708888401201989,0.5155641152764452,0.007673186553732775,0.0,0.0011140075226681674,0.0
542,6.775,2.913542703694957,-0.6505039394977885,0.6505039394977885,0.5426874043780647,0.008157456168622653,0.0,0.00618902715010439,0.0
543,6.7875,2.9054114044512347,-1.1199474932899278,1.1199474932899278,0.4915436877408083,0.007244316620274797,0.0,0.010655408863494333,0.0
544,6.8,2.8914120607851106,0.059918219891628155,0.059918219891628155,0.3155754318458924,0.004102511834144116,0.0,0.0005700741643186809,0.0
545,6.8125,2.892161038533756,0.5655625902339523,0.5655625902339523,0.3174154973557627,0.004135365070066151,0.0,0.005380877829492674,0.0
546,6.825,2.8992305709116803,0.32456052840323935,0.32456052840323935,0.24986333645864361,0.002929262859524378,0.0,0.0030879350610707626,0.0
547,6.8375,2.903287577516721,0.060658382648313136,0.060658382648313136,0.28558055550548145,0.003566971798434621,0.0,0.0005771162237413434,0.0
548,6.85,2.9040458072998248,-0.053226622742172935,0.053226622742172935,0.3098502398236703,0.004000292058165453,0.0,0.000506408944293245,0.0
549,6.8625,2.9033804745155476,-0.4932908898791055,0.4932908898791055,0.39074009215823535,0.005444530531301806,0.0,0.004693270132565151,0.0
550,6.875,2.8972143383920588,0.0,0.0,0.3502484205329301,0.004721576683382855,0.0,0.0,0.0
551,6.8875,2.8972143383920588,0.3436038962839305,0.3436038962839305,0.3580380178064409,0.004860655143139607,0.0,0.00326911754696626,0.0
552,6.9,2.901509387095608,0.11361404530276786,0.11361404530276786,0.36427783909124944,0.004972063307512838,0.0,0.001080947198497959,0.0
553,6.9125,2.9029295626618925,-0.11529854738569156,0.11529854738569156,0.36247025039044356,0.004939789925006057,0.0,0.0010969738948676552,0.0
554,6.925,2.9014883308195714,0.5082677156872961,0.5082677156872961,0.36053465815929403,0.0049052311183343895,0.0,0.004835762707815098,0.0
555,6.9375,2.9078416772656626,0.3453791812967921,0.3453791812967921,0.3130429136091265,0.004057295281438236,0.0,0.003286007970646486,0.0
556,6.95,2.9121589170318725,-0.6754245045723906,0.6754245045723906,0.33967638921850907,0.004532819578222896,0.0,0.006426126488752099,0.0
557,6.9625,2.9037161107247176,0.05748907518484003,0.05748907518484003,0.25377284370403774,0.002999064702547286,0.0,0.000546962786156312,0.0
558,6.975,2.904434724164528,0.2100907634133975,0.2100907634133975,0.2564265631599627,0.0030464452283430984,0.0,0.0019988463709466825,0.0
559,6.9875,2.9070608587071955,-0.3925819817659715,0.3925819817659715,0.24574793681839957,0.002855784934652061,0.0,0.0037351050412810665,0.0
560,7.0,2.902153583935121,0.04897814013439472,0.04897814013439472,0.21612102355639468,0.0023268146529869874,0.0,0.00046598801428844675,0.0
561,7.0125,2.902765810686801,0.04580626110779917,0.04580626110779917,0.22999434577068426,0.002574514273073109,0.0,0.00043581011032740044,0.0
562,7.025,2.9033383889506483,0.049204461431848756,0.049204461431848756,0.28101433277852916,0.003485444705123856,0.0,0.0004681412812704596,0.0
563,7.0375,2.9039534447185464,-0.5082914989711185,0.5082914989711185,0.2970995058311123,0.00377263555909541,0.0,0.004835988986827964,0.0
564,7.05,2.8975998009814075,0.21991615640907014,0.21991615640907014,0.32089464761549236,0.004197483154274555,0.0,0.0020923271637880154,0.0
565,7.0625,2.900348752936521,-0.11889660426092519,0.11889660426092519,0.3281687710114968,0.004327358145557753,0.0,0.001131206541799252,0.0
566,7.075,2.8988625453832593,-0.03518320797457619,0.03518320797457619,0.33469078316810813,0.004443804654075067,0.0,0.0003347402162553108,0.0
567,7.0875,2.898422755283577,0.21130688438336875,0.21130688438336875,0.4801613223487944,0.007041091499446905,0.0,0.0020104167938818215,0.0
568,7.1,2.901064091338369,-0.22784134023130065,0.22784134023130065,0.4816445109798624,0.007067572918587678,0.0,0.0021677289790071825,0.0
569,7.1125,2.898216074585478,0.4589896106454816,0.4589896106454816,0.5129335818343553,0.007626219999927922,0.0,0.004366920766219873,0.0
570,7.125,2.9039534447185464,0.2771526080155695,0.2771526080155695,0.49030407385714825,0.007222184078170367,0.0,0.0026368864376976314,0.0
571,7.1375,2.907417852318741,-0.6131902771177522,0.6131902771177522,0.48089180211333155,0.007054133765557476,0.0,0.005834017356131176,0.0
572,7.15,2.899752973854769,-0.2934860389203209,0.2934860389203209,0.43062418721708867,0.006156636473985169,0.0,0.0027922860305147077,0.0
573,7.1625,2.896084398368265,0.220730213311775,0.220730213311775,0.4198144852886408,0.005963635906452551,0.0,0.0021000722671865586,0.0
574,7.175,2.8988435260346623,0.9744401773633271,0.9744401773633271,0.42921060880753076,0.006131397902459108,0.0,0.009271022583675945,0.0
575,7.1875,2.911024028251704,-0.23677608664328886,0.23677608664328886,0.32726635223424405,0.004311246014315401,0.0,0.002252735978604732,0.0
576,7.2,2.908064327168663,-0.5485135109088191,0.5485135109088191,0.41311015534921647,0.0058439342262582485,0.0,0.005218669411648201,0.0
577,7.2125,2.9012079082823026,0.17043845346766062,0.17043845346766062,0.3963098405871661,0.005543974957698852,0.0,0.0016215862070682223,0.0
578,7.225,2.9033383889506483,0.06069837000254097,0.06069837000254097,0.5208027585398846,0.00776671930141048,0.0,0.0005774966715848536,0.0
579,7.2375,2.90409711857568,-0.09718249926972788,0.09718249926972788,0.584792911465921,0.008909224054360437,0.0,0.0009246141183398485,0.0
580,7.25,2.9028823373348085,0.11220582237765342,0.11220582237765342,0.5848168033505181,0.008909650629238928,0.0,0.0010675490783825584,0.0
581,7.2625,2.904284910114529,0.3354730753827795,0.3354730753827795,0.5929341167416212,0.009054580258352943,0.0,0.003191759258638736,0.0
582,7.275,2.908478323556814,-0.5767025299008921,0.5767025299008921,0.6075293071522163,0.009315168390304879,0.0,0.005486865487465113,0.0
583,7.2875,2.9012695419330528,0.7513433279065396,0.7513433279065396,0.5814022222114263,0.008848685386895237,0.0,0.007148433657532319,0.0
584,7.3,2.9106613335318845,0.43826816676332925,0.43826816676332925,0.5237970433126082,0.007820180411098351,0.0,0.004169772723004308,0.0
585,7.3125,2.916139685616426,-0.9707942392045155,0.9707942392045155,0.52910801308206,0.007915004503976917,0.0,0.00923633438444704,0.0
586,7.325,2.9040047576263697,-0.7547596836776904,0.7547596836776904,0.4026791062481404,0.005657694271651346,0.0,0.007180937563101887,0.0
587,7.3375,2.8945702615803985,0.09832594574653797,0.09832594574653797,0.34246774687169035,0.004582657549224919,0.0,0.0009354931013251512,0.0
588,7.35,2.8957993359022303,0.298448543464076,0.298448543464076,0.34570270359102706,0.004640415708229502,0.0,0.002839500310842554,0.0
589,7.3625,2.899529942695531,0.5027028171079451,0.5027028171079451,0.3298450089525787,0.004357286341181457,0.0,0.004782817127774844,0.0
590,7.375,2.9058137279093805,0.28996428666708596,0.28996428666708596,0.31388461126139033,0.004072323274407245,0.0,0.0027587793613190687,0.0
591,7.3875,2.909438281492719,-0.23493655550986148,0.23493655550986148,0.3074082747823637,0.00395669227697013,0.0,0.0022352343042305015,0.0
592,7.4,2.906501574548846,-0.4866359639350648,0.4866359639350648,0.30705012998705944,0.003950297822320954,0.0,0.004629953809867089,0.0
593,7.4125,2.9004186249996575,-0.0016851355792013578,0.0016851355792013578,0.25501509673406797,0.003021244364984044,0.0,1.6032723582482694e-05,0.0
594,7.425,2.9003975608049175,0.45905526945436037,0.45905526945436037,0.2607949212853603,0.0031244395711074145,0.0,0.004367545457518603,0.0
595,7.4375,2.906135751673097,0.16576370106008653,0.16576370106008653,0.21736894548272503,0.002349095530074293,0.0,0.0015771096592508047,0.0
596,7.45,2.908207797936348,0.05805599350694024,0.05805599350694024,0.21021995412027958,0.0022214546941501643,0.0,0.0005523565626952807,0.0
597,7.4625,2.908933497855185,-0.4129366493477704,0.4129366493477704,0.24218986110077254,0.0027922576850228347,0.0,0.003928763499971356,0.0
598,7.475,2.9037717897383377,-0.22779304924863908,0.22779304924863908,0.22717600682529215,0.002524194567723189,0.0,0.0021672695287492357,0.0
599,7.4875,2.9009243766227297,0.23115939193129265,0.23115939193129265,0.21539892006998743,0.002313921940161381,0.0,0.0021992975995947144,0.0
600,7.5,2.903813869021871,-0.0532719371971524,0.0532719371971524,0.22324925362451212,0.0024540848087929645,0.0,0.0005068400752597641,0.0
601,7.5125,2.9031479698069065,0.15444471803700566,0.15444471803700566,0.230152306924929,0.0025773345721543544,0.0,0.0014694185462723007,0.0
602,7.525,2.905078528782369,-0.2112199809442572,0.2112199809442572,0.23761968143074852,0.002710659942931595,0.0,0.0020095899768382323,0.0
603,7.5375,2.902438279020566,-0.054981540444245525,0.054981540444245525,0.23350935385294957,0.0026372725766090834,0.0,0.000523105589224729,0.0
604,7.55,2.9017510097650128,0.3450775218114188,0.3450775218114188,0.32157134953595734,0.004209565250114446,0.0,0.0032831379207794503,0.0
605,7.5625,2.9060644787876555,-0.3378472294264867,0.3378472294264867,0.3250303169106806,0.004271322981346749,0.0,0.0032143474444172545,0.0
606,7.575,2.9018413884198244,0.10095408267051909,0.10095408267051909,0.30229226423799466,0.0038653490609312532,0.0,0.0009604977320261868,0.0
607,7.5875,2.903103314453206,0.28457501698273546,0.28457501698273546,0.31045106945368284,0.00401101950100804,0.0,0.0027075047504052127,0.0
608,7.6,2.90666050216549,0.16696329058945025,0.16696329058945025,0.2998192051646101,0.003821194114951772,0.0,0.0015885227986884303,0.0
609,7.6125,2.9087475432978582,0.2275904213551172,0.2275904213551172,0.3000635054944176,0.003825555946814793,0.0,0.002165341685644483,0.0
610,7.625,2.911592423564797,-0.17065146650018903,0.17065146650018903,0.2993471493458196,0.0038127658491645465,0.0,0.0016236128565035235,0.0
611,7.6375,2.909459280233545,-0.6277540010498228,0.6277540010498228,0.29966983640569783,0.0038185272277949816,0.0,0.005972579595879943,0.0
612,7.65,2.901612355220422,0.37009605321991046,0.37009605321991046,0.20582200291265876,0.002142931985136535,0.0,0.0035211693311079355,0.0
613,7.6625,2.906238555885671,-0.005291435321588267,0.005291435321588267,0.16170975333253157,0.0013553349486540088,0.0,5.034379483330165e-05,0.0
614,7.675,2.906172412944151,0.22402177318792127,0.22402177318792127,0.3418085505876561,0.004570888005737398,0.0,0.0021313888391590375,0.0
615,7.6875,2.908972685109,-0.17051819367900123,0.17051819367900123,0.3415169512069089,0.004565681678463169,0.0,0.0016223448717018647,0.0
616,7.7,2.9068412076880126,-0.1704381200228866,0.1704381200228866,0.4263142060250511,0.006079684415397037,0.0,0.0016215830346066366,0.0
617,7.7125,2.9047107311877265,-0.21991422834268803,0.21991422834268803,0.4220358033687761,0.006003296172107826,0.0,0.0020923088197712285,0.0
618,7.725,2.901961803333443,-0.17512362278761628,0.17512362278761628,0.4435880784368607,0.006388098764010253,0.0,0.0016661618635145585,0.0
619,7.7375,2.8997727580485977,0.12066720385650598,0.12066720385650598,0.4392470824320145,0.006310592955049206,0.0,0.0011480523874638818,0.0
620,7.75,2.901281098096804,0.08526352167294249,0.08526352167294249,0.44384350361966307,0.006392659223268916,0.0,0.0008112145346187393,0.0
621,7.7625,2.902346892117716,0.8517583734507639,0.8517583734507639,0.4686055671138074,0.006834770609806914,0.0,0.008103802880402775,0.0
622,7.775,2.9129938717858503,-0.220435243363859,0.220435243363859,0.36104188167476614,0.004914287281677282,0.0,0.0020972658629432174,0.0
623,7.7875,2.910238431243802,-0.7415903510378286,0.7415903510378286,0.36705113014423824,0.0050215787105001635,0.0,0.007055641846492106,0.0
624,7.8,2.9009685518558292,-0.0035340186479615454,0.0035340186479615454,0.25688738718071125,0.003054672957296759,0.0,3.362337417678862e-05,0.0
625,7.8125,2.9009243766227297,0.444535240309456,0.444535240309456,0.3161096637825686,0.004112050216206365,0.0,0.00422939893888645,0.0
626,7.825,2.906481067126598,-0.003035129009276716,0.003035129009276716,0.37716038589578615,0.005202073243124272,0.0,2.887683640622578e-05,0.0
627,7.8375,2.906443128013982,0.21687098544820316,0.21687098544820316,0.38401526697922445,0.00532446292123283,0.0,0.002063354786206312,0.0
628,7.85,2.9091540153320845,-0.433616008382387,0.433616008382387,0.37681845539757314,0.0051959682847592175,0.0,0.004125511139364298,0.0
629,7.8625,2.9037338152273047,0.10757708440515046,0.10757708440515046,0.4736447511888981,0.006924742136573469,0.0,0.0010235103212850123,0.0
630,7.875,2.905078528782369,-0.28912632369284097,0.28912632369284097,0.5740124259330764,0.008716745127569628,0.0,0.0027508068106802696,0.0
631,7.8875,2.9014644497362085,0.008545710700147424,0.008545710700147424,0.5824691001579784,0.008867733835273882,0.0,8.130563449159527e-05,0.0
632,7.9,2.9015712711199604,0.5210431921073067,0.5210431921073067,0.5977527599583079,0.009140614163978987,0.0,0.004957311196022574,0.0
633,7.9125,2.9080843110213017,0.7322627104363733,0.7322627104363733,0.5688653892685741,0.00862484795927252,0.0,0.006966896771445533,0.0
634,7.925,2.9172375949017564,0.20433149703517728,0.20433149703517728,0.5371176037488838,0.008058010810222303,0.0,0.0019440515360268406,0.0
635,7.9375,2.919791738614696,-0.056819088077659785,0.056819088077659785,0.5384615364620968,0.008082005900752335,0.0,0.0005405883921753014,0.0
636,7.95,2.9190815000137253,-0.9202176148771102,0.9202176148771102,0.5607390453004735,0.008479757094770406,0.0,0.008755138065536806,0.0
637,7.9625,2.9075787798277615,-0.9234609615264588,0.9234609615264588,0.4583184099641955,0.006651099757334351,0.0,0.008785995927036487,0.0
638,7.975,2.8960355178086807,0.40228588237507523,0.40228588237507523,0.3702855915774176,0.005079328026475577,0.0,0.0038274299307783145,0.0
639,7.9875,2.901064091338369,0.37997092568090807,0.37997092568090807,0.351662915106342,0.004746831612450036,0.0,0.0036151208816736645,0.0
640,8.0,2.9058137279093805,0.04337926463954034,0.04337926463954034,0.360797060487039,0.004909916150217034,0.0,0.00041271917094453075,0.0
641,8.0125,2.906355968717375,-0.5052807044501861,0.5052807044501861,0.3876731187513192,0.0053897716108375435,0.0,0.004807343673706845,0.0
642,8.025,2.9000399599117475,0.2309012962676249,0.2309012962676249,0.3456263385713371,0.004639052257855259,0.0,0.0021968420248121897,0.0
643,8.0375,2.9029262261150928,0.4462376207503027,0.4462376207503027,0.3388159742381155,0.004517457398892816,0.0,0.004245595733599701,0.0
644,8.05,2.9085041963744716,-0.10872149111879281,0.10872149111879281,0.3062407714149266,0.003935847223701955,0.0,0.0010343984401593766,0.0
645,8.0625,2.9071451777354866,-0.5188693311472647,0.5188693311472647,0.334878408491845,0.004447154588625012,0.0,0.004936628639491651,0.0
646,8.075,2.900659311096146,-0.23297429774185474,0.23297429774185474,0.3558494694011462,0.00482157995983757,0.0,0.002216564983624891,0.0
647,8.0875,2.8977471323743726,0.44321508133499776,0.44321508133499776,0.40955438975445657,0.005780448222449432,0.0,0.00421683867715816,0.0
648,8.1,2.90328732089106,0.4034962029201239,0.4034962029201239,0.3865779870432059,0.005370218708954782,0.0,0.0038389451672877477,0.0
649,8.1125,2.9083310234275617,-0.09298140450923142,0.09298140450923142,0.36126651363654394,0.004918297946947801,0.0,0.0008846440459787997,0.0
650,8.125,2.9071687558711963,0.12658987517028208,0.12658987517028208,0.45693463660198985,0.00662639333656438,0.0,0.0012044018902668996,0.0
651,8.1375,2.908751129310825,0.17613965935012743,0.17613965935012743,0.454754667363599,0.006587471329001356,0.0,0.001675828642590078,0.0
652,8.15,2.9109528750527014,-0.39837353050732105,0.39837353050732105,0.6162665731473091,0.009471166891179222,0.0,0.0037902070171876817,0.0
653,8.1625,2.90597320592136,-0.6205705068705569,0.6205705068705569,0.6333921580711369,0.009776933658061883,0.0,0.00590423436719091,0.0
654,8.175,2.898216074585478,0.6189706372364157,0.6189706372364157,0.6319942486542739,0.009751974846745936,0.0,0.005889012881199645,0.0
655,8.1875,2.905953207550933,0.2238337407913349,0.2238337407913349,0.5939500308479548,0.009072718778765868,0.0,0.002129599860588868,0.0
656,8.2,2.908751129310825,-0.10666215936669943,0.10666215936669943,0.5886597156598589,0.008978263460711084,0.0,0.0010148055378710096,0.0
657,8.2125,2.907417852318741,0.7967758076124198,0.7967758076124198,0.6034610565592958,0.009242532282621629,0.0,0.007580687535369465,0.0
658,8.225,2.9173775499138963,-0.01119640097119401,0.01119640097119401,0.5365866555893891,0.008048531057978332,0.0,0.00010652484233634754,0.0
659,8.2375,2.9172375949017564,-1.189490072726116,1.189490072726116,0.5426701676003887,0.00815714841657769,0.0,0.01131705114739986,0.0
660,8.25,2.90236896899268,-0.5743784150080344,0.5743784150080344,0.3974932999444328,0.005565104895334148,0.0,0.005464753384373219,0.0
661,8.2625,2.8951892388050795,0.6090620571059446,0.6090620571059446,0.34237631013298236,0.0045810250025940516,0.0,0.005794740628991896,0.0
662,8.275,2.902802514518904,-0.10001959937184779,0.10001959937184779,0.300914845430724,0.0038407560968242854,0.0,0.000951606867335558,0.0
663,8.2875,2.9015522695267557,0.007107537429931199,0.007107537429931199,0.29959768819580185,0.0038172390659614217,0.0,6.762256068454896e-05,0.0
664,8.3,2.90164111374463,0.39055947534798463,0.39055947534798463,0.29960771870869746,0.0038174181545888703,0.0,0.0037158625027318847,0.0
665,8.3125,2.9065231071864797,-0.1578975141665495,0.1578975141665495,0.27785885755514145,0.0034291056392569044,0.0,0.0015022691528436003,0.0
666,8.325,2.904549388259398,-0.2294574779111258,0.2294574779111258,0.2889790340679522,0.003627649539194349,0.0,0.0021831052425029377,0.0
667,8.3375,2.9016811697855087,0.5683016229892601,0.5683016229892601,0.3175438714759577,0.004137657110884495,0.0,0.005406937545750063,0.0
668,8.35,2.9087849400728745,0.06062571685045981,0.06062571685045981,0.24592363938752193,0.002858921995764571,0.0,0.0005768054346784053,0.0
669,8.3625,2.909542761533505,-0.39696629716978293,0.39696629716978293,0.24500110896918517,0.002842450783562454,0.0,0.003776818312210308,0.0
670,8.375,2.904580682818883,0.06063138487519382,0.06063138487519382,0.22379088601272806,0.002463755321357665,0.0,0.0005768593614217134,0.0
671,8.3875,2.905338575129823,-0.009929742635463867,0.009929742635463867,0.26297723277683166,0.003163403398156011,0.0,9.44735965963261e-05,0.0
672,8.4,2.9052144533468796,-0.22817269924388484,0.22817269924388484,0.28029545904815656,0.0034726096576022337,0.0,0.002170881596233296,0.0
673,8.4125,2.902362294606331,0.27451470680450285,0.27451470680450285,0.2741582737341788,0.003363033995249014,0.0,0.002611788907577846,0.0
674,8.425,2.9057937284413873,-0.4373243185761311,0.4373243185761311,0.38981714323241123,0.005428051846906365,0.0,0.004160792758854273,0.0
675,8.4375,2.9003271744591856,-0.011015601369983585,0.011015601369983585,0.38880657156968035,0.00541000871253222,0.0,0.00010480467805650743,0.0
676,8.45,2.900189479442061,0.0072341852233037685,0.0072341852233037685,0.39074505843472734,0.005444619201108598,0.0,6.882751362040479e-05,0.0
677,8.4625,2.900279906757352,0.2793506384788458,0.2793506384788458,0.39073859869709965,0.005444503866473424,0.0,0.002657798947811676,0.0
678,8.475,2.9037717897383377,0.39531440551119346,0.39531440551119346,0.4120222629401162,0.0058245105775988695,0.0,0.003761101878068596,0.0
679,8.4875,2.9087132198072276,0.2745300621448621,0.2745300621448621,0.41240452451633935,0.005831335622511794,0.0,0.0026119350014177324,0.0
680,8.5,2.9121448455840384,0.15760868704276731,0.15760868704276731,0.40148557330512114,0.005636384476349278,0.0,0.0014995211926818915,0.0
681,8.5125,2.914114954172073,-0.8304911155814665,0.8304911155814665,0.4015958013781739,0.005638352530676588,0.0,0.007901461851595216,0.0
682,8.525,2.9037338152273047,-0.4300671100202891,0.4300671100202891,0.27494998304458074,0.0033771694771744043,0.0,0.004091746196552511,0.0
683,8.5375,2.898357976352051,-0.110501349478902,0.110501349478902,0.24251355895181415,0.0027980371107066923,0.0,0.0010513323755980467,0.0
684,8.55,2.896976709483565,-0.0034565880231340884,0.0034565880231340884,0.23985842992784037,0.002750631417941874,0.0,3.288668342027045e-05,0.0
685,8.5625,2.8969335021332756,0.46338139840816694,0.46338139840816694,0.24730825119697605,0.0028836433864935546,0.0,0.004408705130695421,0.0
686,8.575,2.9027257696133777,0.3984904674778278,0.3984904674778278,0.24974457387716922,0.002927142426807739,0.0,0.003791319579374278,0.0
687,8.5875,2.9077069004568505,0.0653616467510787,0.0653616467510787,0.22918888800898268,0.0025601333210208744,0.0,0.0006218640376417484,0.0
688,8.6,2.908523921041239,-0.15983952931247103,0.15983952931247103,0.22802343499483105,0.0025393248755472848,0.0,0.0015207458810142266,0.0
689,8.6125,2.906525926924833,-0.0652835124120088,0.0652835124120088,0.5621521230809827,0.008504986727873266,0.0,0.0006211206516044058,0.0
690,8.625,2.905709883019683,0.22512304172447983,0.22512304172447983,0.5629461753562526,0.008519164041992754,0.0,0.0021418665326186324,0.0
691,8.6375,2.908523921041239,0.04432233401399088,0.04432233401399088,0.6969290132966328,0.01091134505986815,0.0,0.00042169172531124604,0.0
692,8.65,2.909077950216414,-0.17043000211824477,0.17043000211824477,0.6996120384382346,0.010959248820625015,0.0,0.0016215057992062345,0.0
693,8.6625,2.906947575189936,-0.4737195045156639,0.4737195045156639,0.7043584910717746,0.011043993807869216,0.0,0.004507063980650051,0.0
694,8.675,2.90102608138349,-0.282906709564017,0.282906709564017,0.6959782796397279,0.010894370296218828,0.0,0.002691632133373653,0.0
695,8.6875,2.89748974751394,0.003044507578628952,0.003044507578628952,0.6911120114154027,0.010807486075425556,0.0,2.896606602779416e-05,0.0
696,8.7,2.8975278038586727,1.462091397878993,1.462091397878993,0.6987791067291911,0.010944377338171071,0.0,0.013910635751711585,0.0
697,8.7125,2.91580394633216,-0.1068130699074743,0.1068130699074743,0.4703606214898371,0.006866106024313849,0.0,0.0010162413315340174,0.0
698,8.725,2.9144687829583167,-1.1836780008627201,1.1836780008627201,0.4688424204633176,0.006838999480425183,0.0,0.011261753910324423,0.0
699,8.7375,2.8996728079475327,-0.17871795465794094,0.17871795465794094,0.21203973903165166,0.002253945832481907,0.0,0.00170035906998974,0.0
700,8.75,2.8974388335143084,0.2869798295345305,0.2869798295345305,0.2032865584529145,0.0020976631865223688,0.0,0.002730384627482455,0.0
701,8.7625,2.90102608138349,0.36128828273486846,0.36128828273486846,0.18191908613641136,0.0017161601338831801,0.0,0.003437370406375984,0.0
702,8.775,2.905542184917676,-0.1613585419346819,0.1613585419346819,0.16397987597573482,0.0013958665897119212,0.0,0.001535198076903267,0.0
703,8.7875,2.9035252031434924,-0.29199433291626775,0.29199433291626775,0.1537824821494325,0.0012137984060693636,0.0,0.0027780936353599818,0.0
704,8.8,2.899875273982039,0.035864323891914296,0.035864323891914296,0.197214490890042,0.0019892501614928197,0.0,0.0003412204920058746,0.0
705,8.8125,2.900323578030688,0.0013563641955727235,0.0013563641955727235,0.19926980794103813,0.002025946581054379,0.0,1.2904725585997199e-05,0.0
706,8.825,2.9003405325831326,0.04769376634357059,0.04769376634357059,0.21759034239934705,0.0023530484356068283,0.0,0.0004537682200956092,0.0
707,8.8375,2.9009367046624273,-0.05344809322391342,0.05344809322391342,0.23259700274611048,0.002620983109741773,0.0,0.0005085160596252395,0.0
708,8.85,2.9002686034971283,0.128493015313218,0.128493015313218,0.5665688139018665,0.008583844021135288,0.0,0.0012225087537305972,0.0
709,8.8625,2.9018747661885436,0.2844081395389253,0.2844081395389253,0.6901246468885008,0.010789857290162557,0.0,0.002705917044370291,0.0
710,8.875,2.90542986793278,0.010667510650179679,0.010667510650179679,0.6832034004628997,0.010666282699760702,0.0,0.0001014928719554883,0.0
711,8.8875,2.9055632118159074,0.4552106317552784,0.4552106317552784,0.7701048249273148,0.01221785408924426,0.0,0.004330966790338966,0.0
712,8.9,2.9112533447128484,0.08834849883808005,0.08834849883808005,1.7155295283722731,0.029097829645650098,0.0,0.000840565636546314,0.0
713,8.9125,2.9123577009483244,0.24718140244097242,0.24718140244097242,1.716712698499934,0.02911895441926899,0.0,0.0023517342752591565,0.0
714,8.925,2.9154474684788365,0.23732080396818844,0.23732080396818844,2.00891396607961,0.03433602801203966,0.0,0.0022579185303284594,0.0
715,8.9375,2.918413978528439,1.4622063945513375,1.4622063945513375,2.217131964442145,0.038053632079244955,0.0,0.013911729853505745,0.0
716,8.95,2.9366915584603306,1.1219112771689055,1.1219112771689055,2.1965565864471412,0.03768627138266708,0.0,0.010674092703830969,0.0
717,8.9625,2.950715449424942,0.06961935883591508,0.06961935883591508,2.295802955344562,0.03945825414866218,0.0,0.0006623727787736221,0.0
718,8.975,2.951585691410391,-1.0052214858236752,1.0052214858236752,2.7743316329023915,0.04800208884092506,0.0,0.009563882230189247,0.0
719,8.9875,2.939020422837595,-4.359708440938448,4.359708440938448,2.7852399423327725,0.04819684998464766,0.0,0.041479155265898376,0.0
720,9.0,2.8845240673258643,-0.20073083728412655,0.20073083728412655,2.629752578154291,0.04542071890080874,0.0,0.0019097941248038654,0.0
721,9.0125,2.8820149318598127,2.961445815317738,2.961445815317738,3.4743416891602443,0.060500337084084865,0.0,0.02817579947127564,0.0
722,9.025,2.9190330045512844,2.6638002479779033,2.6638002479779033,3.5626199933706175,0.0620764918130678,0.0,0.02534393883904541,0.0
723,9.0375,2.9523305076510082,1.1880829339623844,1.1880829339623844,3.473861974504974,0.06049177207449128,0.0,0.01130366334221697,0.0
724,9.05,2.967181544325538,-2.1966993176752325,2.1966993176752325,3.5272423068777554,0.06144484501870574,0.0,0.02089984532331033,0.0
725,9.0625,2.9397228028545976,-4.406187155756882,4.406187155756882,3.5720612338850084,0.062245059345230176,0.0,0.041921363237975115,0.0
726,9.075,2.8846454634076366,-1.2229613452213783,1.2229613452213783,3.3303071021409196,0.057928688279791946,0.0,0.011635503660357201,0.0
727,9.0875,2.8693584465923694,3.503049297046239,3.503049297046239,3.5383270837615997,0.06164275688007948,0.0,0.03332872545600775,0.0
728,9.1,2.9131465628054474,6.425255269237056,6.425255269237056,3.3475600520772826,0.05823672907049745,0.0,0.061131189056841395,0.0
729,9.1125,2.9934622536709106,3.70673032065735,3.70673032065735,2.459861913585337,0.0423874257630941,0.0,0.035266588255214525,0.0
730,9.125,3.0397963826791274,1.448957613978905,1.448957613978905,2.086491437944517,0.0357211259728141,0.0,0.013785678253062148,0.0
731,9.1375,3.0579083528538638,-2.0979302290844615,2.0979302290844615,2.1062385377326875,0.03607369827235274,0.0,0.01996013607058654,0.0
732,9.15,3.031684224990308,2.714949949785641,2.714949949785641,1.983319865670519,0.03387906111904499,0.0,0.02583058753398219,0.0
733,9.1625,3.0656210993626285,-2.4627376512991006,2.4627376512991006,1.818978166399895,0.03094484133773605,0.0,0.023430988287698552,0.0
734,9.175,3.0348368787213897,-3.5952941060211785,3.5952941060211785,1.7002761623919358,0.028825490194435414,0.0,0.03420636138184527,0.0
735,9.1875,2.989895702396125,-1.3276115328658733,1.3276115328658733,1.7750588959857536,0.030160689825358054,0.0,0.012631166888923245,0.0
736,9.2,2.9733005582353016,0.2049485984606747,0.2049485984606747,1.9553072581824396,0.03337891327231855,0.0,0.0019499227648463312,0.0
737,9.2125,2.97586241571606,0.40007094838923507,0.40007094838923507,1.9553713819820373,0.03338005816325048,0.0,0.003806356597103138,0.0
738,9.225,2.9808633025709255,1.6618761159676865,1.6618761159676865,2.181061059535872,0.037409608297238106,0.0,0.0158114283055299,0.0
739,9.2375,3.0016367540205215,0.616316915207058,0.616316915207058,2.2693534127973614,0.038986013863372394,0.0,0.005863764828587997,0.0
740,9.25,3.0093407154606098,-1.5401117725836144,1.5401117725836144,2.2590973385487736,0.03880289797694588,0.0,0.014652937508840086,0.0
741,9.2625,2.9900893183033146,-1.6501928395178567,1.6501928395178567,2.1925877106461296,0.037615409550663566,0.0,0.015700271230591974,0.0
742,9.275,2.9694619078093414,-3.8736675328879144,3.8736675328879144,2.117605277073462,0.03627664439966374,0.0,0.03685486293907786,0.0
743,9.2875,2.9210410636482425,-2.6723943383528947,2.6723943383528947,1.6208193483915943,0.02740683773778979,0.0,0.025425704767630466,0.0
744,9.3,2.8876361344188313,0.2097857683407156,0.2097857683407156,1.3239532399901308,0.02210647628638863,0.0,0.001995944585621703,0.0
745,9.3125,2.89025845652309,2.7619662552863034,2.7619662552863034,1.3463990031880384,0.022507231558326173,0.0,0.02627791025345081,0.0
746,9.325,2.924783034714169,2.4300890433961797,2.4300890433961797,1.182160790606719,0.01957485946809143,0.0,0.023120362773454486,0.0
747,9.3375,2.9551591477566213,0.09106878101370341,0.09106878101370341,1.1519681977175336,0.01903578932522665,0.0,0.0008664469559644192,0.0
748,9.35,2.9562975075192925,-0.05748863154487083,0.05748863154487083,1.1898884636036344,0.01971283230804422,0.0,0.0005469585652751651,0.0
749,9.3625,2.9555788996249817,0.37098023195248686,0.37098023195248686,1.2668133310532608,0.021086278419086155,0.0,0.003529581587897164,0.0
750,9.375,2.9602161525243877,0.3843516103769673,0.3843516103769673,1.6878443418951323,0.02860352769933346,0.0,0.0036567996093088712,0.0
751,9.3875,2.9650205476541,0.3847935448251505,0.3847935448251505,1.8186073526524273,0.030938220686751974,0.0,0.003661004263781039,0.0
752,9.4,2.969830466964414,-0.7235432408925746,0.7235432408925746,2.0402413966035065,0.03489535998164179,0.0,0.006883937959877472,0.0
753,9.4125,2.960786176453257,-2.0751309519732786,2.0751309519732786,2.434757474891642,0.04193920147832267,0.0,0.01974321909825767,0.0
754,9.425,2.934847039553591,-2.311178380928567,2.311178380928567,2.3219484146166613,0.039925065214436006,0.0,0.021989022479009652,0.0
755,9.4375,2.905957309791984,-0.8477759969418841,0.8477759969418841,2.729446557191862,0.04720069347006116,0.0,0.008065913738095008,0.0
756,9.45,2.8953601098302104,1.2309169842417589,1.2309169842417589,4.371194198770016,0.07651308604732955,0.0,0.01171119523254288,0.0
757,9.4625,2.9107465721332324,3.176420373055926,3.176420373055926,4.355271884581968,0.07622880293803876,0.0,0.030221111257474058,0.0
758,9.475,2.9504518267964315,1.9534174171517549,1.9534174171517549,5.411975337889273,0.09509559200881472,0.0,0.0185852117045943,0.0
759,9.4875,2.9748695445108284,-2.6438767177166866,2.6438767177166866,5.5741432298064915,0.09799099979922041,0.0,0.02515438230875323,0.0
760,9.5,2.94182108553937,-3.8271643370059394,3.8271643370059394,5.6299189615992935,0.09898684112415354,0.0,0.036412422049169696,0.0
761,9.5125,2.8939815313267956,0.11563864681995994,0.11563864681995994,5.504734115602902,0.09675174283155373,0.0,0.0011002096702482733,0.0
762,9.525,2.895427014412045,4.670012639798422,4.670012639798422,5.522891966562089,0.09707594007246681,0.0,0.04443145270012829,0.0
763,9.5375,2.9538021724095254,9.694246018094645,9.694246018094645,5.3748073464829,0.09443198042331863,0.0,0.0922330337493415,0.0
764,9.55,3.0749802476357084,-0.6352891815944872,0.6352891815944872,4.208197124903577,0.07360287372412115,0.0,0.006044270840375511,0.0
765,9.5625,3.0670391328657773,-9.62591903875662,9.62591903875662,4.20308205829591,0.07351154736149047,0.0,0.0915829569326905,0.0
766,9.575,2.9467151448813196,-4.250718187958178,4.250718187958178,2.5606551113871525,0.04418702620609827,0.0,0.04044219977057515,0.0
767,9.5875,2.8935811675318424,3.4625716224659087,3.4625716224659087,2.7894824218543746,0.048272596842501334,0.0,0.03294361260466336,0.0
768,9.6,2.936863312812666,1.8697775848767861,1.8697775848767861,2.5312005222700287,0.04366113266586249,0.0,0.01778944528205795,0.0
769,9.6125,2.960235532623626,-1.2709351766738664,1.2709351766738664,3.5471201139727766,0.06179975101667287,0.0,0.012091936477018091,0.0
770,9.625,2.9443488429152027,-2.9830797434532386,2.9830797434532386,3.8792188461173045,0.06772916925641888,0.0,0.02838162907577794,0.0
771,9.6375,2.9070603461220372,-2.131046245689028,2.131046245689028,3.7368536102855336,0.0651873256890087,0.0,0.020275208606545664,0.0
772,9.65,2.8804222680509244,0.24371770150928285,0.24371770150928285,3.9503144625497204,0.06899853768224261,0.0,0.0023187799181762173,0.0
773,9.6625,2.8834687393197904,1.9459609005143363,1.9459609005143363,4.602411681514185,0.08064133173703242,0.0,0.018514268884555707,0.0
774,9.675,2.9077932505762196,5.278509806027607,5.278509806027607,4.552990982970247,0.07975895561510285,0.0,0.05022081884210968,0.0
775,9.6875,2.9737746231515647,0.9977542069820444,0.9977542069820444,4.4976115533298735,0.07877019002091969,0.0,0.009492837016344834,0.0
776,9.7,2.9862465507388403,-7.273015081036824,7.273015081036824,4.63987436594524,0.08131020488490906,0.0,0.06919694880619337,0.0
777,9.7125,2.89533386222588,-4.620118856509912,4.620118856509912,3.881416010598247,0.06776839827444281,0.0,0.04395675307012695,0.0
778,9.725,2.837582376519506,0.4739758905892444,0.4739758905892444,3.529426760158317,0.06148384708607889,0.0,0.004509503290043817,0.0
779,9.7375,2.8435070751518716,4.203407390185845,4.203407390185845,3.526198675372191,0.061426211621207635,0.0,0.03999207519157241,0.0
780,9.75,2.8960496675291947,6.68409079702684,6.68409079702684,3.2026713636863224,0.0556498308124687,0.0,0.06359380305751805,0.0
781,9.7625,2.97960080249203,0.40869629958169895,0.40869629958169895,2.2047046418298004,0.037831749891098644,0.0,0.0038884199474812425,0.0
782,9.775,2.9847095062368014,-4.883945958078719,4.883945958078719,2.2686882572118887,0.03897413792022952,0.0,0.046466857921764436,0.0
783,9.7875,2.9236601817608174,-3.375634612102658,3.375634612102658,1.6021272536197435,0.027073101902776005,0.0,0.03211647615733844,0.0
784,9.8,2.881464749109534,-1.0919694563358462,1.0919694563358462,1.073154968677635,0.017628627681504742,0.0,0.010389220113816478,0.0
785,9.8125,2.867815130905336,-0.690798315157366,0.690798315157366,1.2364640012210797,0.020544409834677688,0.0,0.006572396058133083,0.0
786,9.825,2.859180151965869,0.206019144400571,0.206019144400571,1.4200719585598451,0.02382261678288486,0.0,0.0019601081572554343,0.0
787,9.8375,2.861755391270876,0.5028397483368607,0.5028397483368607,1.5678873766758419,0.026461769996849082,0.0,0.004784119919413754,0.0
788,9.85,2.868040888125087,1.2271997939759416,1.2271997939759416,1.9307626595724223,0.03294068458729562,0.0,0.011675829126236116,0.0
789,9.8625,2.883380885549786,1.56742574654551,1.56742574654551,1.8883544623679147,0.0321835123560276,0.0,0.014912808227775201,0.0
790,9.875,2.902973707381605,1.7921637058242368,1.7921637058242368,1.8988478666249637,0.03237086562352426,0.0,0.017051011007467705,0.0
791,9.8875,2.925375753704408,-0.27149186815869086,0.27149186815869086,1.8035243755503907,0.03066892342397421,0.0,0.002583029004196233,0.0
792,9.9,2.9219821053524244,-2.0517919996226652,2.0517919996226652,1.8931091721134692,0.03226840476891919,0.0,0.01952116754563455,0.0
793,9.9125,2.896334705357141,-2.092675665649857,2.092675665649857,2.2922610738897546,0.039395016037617504,0.0,0.01991014308240599,0.0
794,9.925,2.870176259536518,1.8909721191681328,1.8909721191681328,2.3101543032041123,0.03971448862210885,0.0,0.017991094403912975,0.0
795,9.9375,2.8938134110261196,3.2263658790945016,3.2263658790945016,2.525541678806366,0.04356009750251622,0.0,0.03069630298826833,0.0
796,9.95,2.934142984514801,0.4586113364274169,0.4586113364274169,2.2719416740579965,0.03903222567342338,0.0,0.004363321788160502,0.0
797,9.9625,2.9398756262201435,1.665757674832875,1.665757674832875,2.7143570439103946,0.046931279507826926,0.0,0.015848358248213918,0.0
798,9.975,2.9606975971555545,0.6232707031616869,0.6232707031616869,2.7064833595198587,0.046790699724405985,0.0,0.005929924585407446,0.0
799,9.9875,2.9684884809450756,-1.650153068403668,1.650153068403668,3.64479913209888,0.06354374970036958,0.0,0.0156998928401003,0.0
800,10.0,2.9478615675900297,-4.192211630673732,4.192211630673732,4.221474697386198,0.07383993659981965,0.0,0.039885556452208586,0.0
801,10.0125,2.895458922206608,-2.2445730176452727,2.2445730176452727,4.0433582205034515,0.070659776651578,0.0,0.02135532546862548,0.0
802,10.025,2.867401759486042,-3.4508199735245526,3.4508199735245526,4.63818923418287,0.08128011789558617,0.0,0.032831805019896534,0.0
803,10.0375,2.8242665098169852,-0.8223760558602322,0.8223760558602322,4.518895173282524,0.07915019594126793,0.0,0.007824253518347899,0.0
804,10.05,2.8139868091187323,-4.225925447749397,4.225925447749397,4.597258715520735,0.08054932870422032,0.0,0.040206316583770635,0.0
805,10.0625,2.761162741021865,1.5599015159682494,1.5599015159682494,4.357025489233488,0.07626011246860781,0.0,0.01484122116350275,0.0
806,10.075,2.780661509971468,6.932859054772891,6.932859054772891,4.529420546134621,0.07933811998833172,0.0,0.06596063499778751,0.0
807,10.0875,2.867322248156129,6.246063432894928,6.246063432894928,3.94478266224255,0.06889977079617786,0.0,0.05942632137986054,0.0
808,10.1,2.9453980410673157,2.40786523407845,2.40786523407845,3.4014246494794325,0.0591984482684313,0.0,0.022908920919078694,0.0
809,10.1125,2.9754963564932964,-6.808122899431055,6.808122899431055,3.486270442217993,0.06071331762002759,0.0,0.06477386977603301,0.0
810,10.125,2.890394820250408,-1.7801888129874754,1.7801888129874754,2.69474359914231,0.04658109353632035,0.0,0.016937079434749598,0.0
811,10.1375,2.8681424600880647,2.528101117395103,2.528101117395103,3.0058744062592364,0.05213614239408938,0.0,0.024052869634958958,0.0
812,10.15,2.8997437240555035,0.8059238308472771,0.8059238308472771,2.902816530865894,0.05029610752807002,0.0,0.007667723694157417,0.0
813,10.1625,2.9098177719410945,-3.8326397820365443,3.8326397820365443,3.032476995219894,0.052611115228791874,0.0,0.0364645165499032,0.0
814,10.175,2.8619097746656377,2.9034139942505988,2.9034139942505988,2.7456924594899976,0.0474907540456787,0.0,0.027623672890102573,0.0
815,10.1875,2.89820244959377,2.660891496811182,2.660891496811182,2.596613476650073,0.04482904066211438,0.0,0.02531626438720791,0.0
816,10.2,2.93146359330391,3.236193842626882,3.236193842626882,2.5499407715235862,0.04399572826947676,0.0,0.03078980823772016,0.0
817,10.2125,2.971916016336746,-2.6853359500148954,2.6853359500148954,2.3451316872030694,0.04033898826208868,0.0,0.025548833900413376,0.0
818,10.225,2.9383493169615598,-4.1663143494667665,4.1663143494667665,3.2593209396861282,0.056661274087298624,0.0,0.03963916443707715,0.0
819,10.2375,2.886270387593225,1.2328009511215754,1.2328009511215754,2.915576584220876,0.05052393041861401,0.0,0.011729119677670888,0.0
820,10.25,2.901680399482245,2.608849658083834,2.608849658083834,2.9218841598706256,0.05063654829542641,0.0,0.024821127719667397,0.0
821,10.2625,2.934291020208293,-1.1968335487226156,1.1968335487226156,2.7759133049772604,0.0480303286212743,0.0,0.01138691847572621,0.0
822,10.275,2.91933060084926,-1.4347154917176397,1.4347154917176397,2.797708710312186,0.048419472154286415,0.0,0.013650175797199808,0.0
823,10.2875,2.9013966572027896,-2.271280406964813,2.271280406964813,2.7867007247696356,0.04822293135499649,0.0,0.02160942501756081,0.0
824,10.3,2.8730056521157294,-1.5660485699431703,1.5660485699431703,2.8080035639912135,0.04860328042354948,0.0,0.014899705488706552,0.0
825,10.3125,2.85343004499144,6.942569554917171,6.942569554917171,2.925487349339271,0.05070088102328322,0.0,0.06605302267660838,0.0
826,10.325,2.9402121644279045,0.6143988144662416,0.6143988144662416,1.6098387512428542,0.027210785941395976,0.0,0.005845515626944863,0.0
827,10.3375,2.9478921496087325,-1.3469818065039618,1.3469818065039618,2.064207461433972,0.035323259302494525,0.0,0.01281545962286677,0.0
828,10.35,2.931054877027433,-0.3903813556759417,0.3903813556759417,2.246999089612038,0.038586891196518765,0.0,0.003714167835844713,0.0
829,10.3625,2.9261751100814837,1.550562914364697,1.550562914364697,2.3882163384498716,0.04110823816348459,0.0,0.014752371803246738,0.0
830,10.375,2.9455571465110424,-1.2516484153204033,1.2516484153204033,2.406318759212464,0.04143144573239082,0.0,0.01190843829598275,0.0
831,10.3875,2.9299115413195373,-2.4722822198746286,2.4722822198746286,2.3656465087688554,0.04070526776093473,0.0,0.02352179725973273,0.0
832,10.4,2.8990080135711045,-2.8002224642829887,2.8002224642829887,2.355694096090121,0.04052757356473682,0.0,0.0266418876281664,0.0
833,10.4125,2.864005232767567,0.681255176666653,0.681255176666653,2.144137685607699,0.03675036420609417,0.0,0.006481600692217502,0.0
834,10.425,2.8725209224759003,3.7057332626498862,3.7057332626498862,2.2715750374180126,0.0390256796021197,0.0,0.03525710204198239,0.0
835,10.4375,2.918842588259024,2.8493472421019206,2.8493472421019206,2.0973380539778774,0.035914785618945295,0.0,0.027109270783292165,0.0
836,10.45,2.954459428785298,-2.3214169308920063,2.3214169308920063,1.843362329280786,0.03138020554166794,0.0,0.022086434131505326,0.0
837,10.4625,2.925441717149148,-1.7602803427279312,1.7602803427279312,3.4648971843852543,0.06033171127056076,0.0,0.016747666188384802,0.0
838,10.475,2.9034382128650487,-0.11803060481824446,0.11803060481824446,3.422610298303952,0.0595767049746517,0.0,0.0011229672464817414,0.0
839,10.4875,2.9019628303048206,2.395051050382193,2.395051050382193,3.516315923325907,0.06124976117268072,0.0,0.022787004161950692,0.0
840,10.5,2.931900968434598,0.4748681642196928,0.4748681642196928,3.4473741921623064,0.06001884904121489,0.0,0.004517992563342347,0.0
841,10.5125,2.937836820487344,-2.2284349893939392,2.2284349893939392,3.458234208372442,0.060212747939245886,0.0,0.021201784976505225,0.0
842,10.525,2.90998138311992,-2.7645341579105676,2.7645341579105676,3.372791523513873,0.058687221446622036,0.0,0.026302341802739604,0.0
843,10.5375,2.875424706146038,-0.33472648663650517,0.33472648663650517,3.2587360344889227,0.05665083096539197,0.0,0.0031846560610405456,0.0
844,10.55,2.8712406250630815,8.616797498945132,8.616797498945132,3.257058274878235,0.05662087560129503,0.0,0.08198196879344852,0.0
845,10.5625,2.9789505937998957,0.8766851946722909,0.8766851946722909,1.2502477659885451,0.020790510461731602,0.0,0.008340961741308266,0.0
846,10.575,2.9899091587332993,-2.283782514230772,2.283782514230772,1.225249530295338,0.02034418236609688,0.0,0.021728372615883236,0.0
847,10.5875,2.9613618773054147,-1.3767929107705257,1.3767929107705257,1.0108602711810817,0.01651639424059304,0.0,0.013099088548808093,0.0
848,10.6,2.944151965920783,0.9085482522984734,0.9085482522984734,0.8880980607476872,0.014324550613263183,0.0,0.008644113370007133,0.0
849,10.6125,2.955508819074514,-0.5446403134110511,0.5446403134110511,1.1209336597906956,0.018481686772479175,0.0,0.005181819020719119,0.0
850,10.625,2.948700815156876,-1.2616466071649057,1.2616466071649057,1.2286692737272158,0.02040523977799752,0.0,0.012003563132314028,0.0
851,10.6375,2.9329302325673146,-0.15680028273440172,0.15680028273440172,1.3890161757032846,0.023268134915007257,0.0,0.0014918298692187335,0.0
852,10.65,2.9309702290331345,-1.3735814868727658,1.3735814868727658,1.7790314350531649,0.030231617062726007,0.0,0.013068534406877646,0.0
853,10.6625,2.913800460447225,0.5229841408631586,0.5229841408631586,1.725993796785886,0.02928466271061426,0.0,0.004975777778340589,0.0
854,10.675,2.9203377622080144,1.1749379486649403,1.1749379486649403,2.477426775040184,0.0427010355417778,0.0,0.01117859927118857,0.0
855,10.6875,2.935024486566326,-0.1749175244510326,0.1749175244510326,2.4631130631356593,0.04244547303511872,0.0,0.0016642010019067217,0.0
856,10.7,2.9328380175106883,-2.13720676583673,2.13720676583673,2.8754511258200153,0.04980751508217518,0.0,0.02033382105166372,0.0
857,10.7125,2.906122932937729,-1.5237192613435369,1.5237192613435369,3.3664488264615953,0.058573976498807565,0.0,0.014496975813663332,0.0
858,10.725,2.887076442170935,2.2247818272097675,2.2247818272097675,3.46399445130513,0.0603155935276343,0.0,0.02116702804642571,0.0
859,10.7375,2.914886215011057,3.147901144096039,3.147901144096039,3.5152733380830035,0.06123114645555776,0.0,0.029949773496677323,0.0
860,10.75,2.9542349793122575,-0.6320917798610282,0.6320917798610282,3.5439804133878257,0.061743693597255664,0.0,0.006013850108176032,0.0
861,10.7625,2.9463338320639947,-5.053931452318636,5.053931452318636,3.779630456160507,0.06595107991514496,0.0,0.04808413458235926,0.0
862,10.775,2.8831596889100117,-0.9026291996391222,0.9026291996391222,3.3698827859184357,0.058635287729074705,0.0,0.008587798295820336,0.0
863,10.7875,2.8718768239145227,4.200112124917688,4.200112124917688,3.354740555199757,0.05836493252948092,0.0,0.039960723365744626,0.0
864,10.8,2.924378225475994,5.393117925057709,5.393117925057709,3.0870779348879505,0.05358598136418606,0.0,0.051311223860789984,0.0
865,10.8125,2.991792199539215,-2.766217498190251,2.766217498190251,2.4321370760837175,0.04189241587216638,0.0,0.026318357445476323,0.0
866,10.825,2.957214480811837,-2.7951327054003627,2.7951327054003627,2.25209711187865,0.038677913242941765,0.0,0.026593462624105123,0.0
867,10.8375,2.9222753219943325,-3.3956569092468314,3.3956569092468314,2.0255232122530207,0.034632575868675845,0.0,0.03230697237589849,0.0
868,10.85,2.879829610628747,3.7690865916617255,3.7690865916617255,1.7506584203631197,0.02972503436747344,0.0,0.035859858535058325,0.0
869,10.8625,2.9269431930245187,1.451293206172366,1.451293206172366,1.2997478443463915,0.02167430386132862,0.0,0.013807899553532768,0.0
870,10.875,2.9450843581016732,-0.011536334849786556,0.011536334849786556,1.1987504829385636,0.019871058202934548,0.0,0.000109759042586501,0.0
871,10.8875,2.944940153916051,-1.9613948426671257,1.9613948426671257,1.9007915405130653,0.032405568723201286,0.0,0.018661110557936657,0.0
872,10.9,2.920422718382712,0.4094454785326107,0.4094454785326107,2.2727229877082515,0.03904617554724214,0.0,0.0038955477888146235,0.0
873,10.9125,2.9255407868643695,0.9514012839295205,0.9514012839295205,2.4558457085441185,0.042315718896668617,0.0,0.009051825852784086,0.0
874,10.925,2.9374333029134885,0.24328973909284457,0.24328973909284457,2.547364118262194,0.04394972371309998,0.0,0.0023147081964636543,0.0
875,10.9375,2.940474424652149,1.7963771365210945,1.7963771365210945,2.5744619536392306,0.04443353886742074,0.0,0.017091098446443197,0.0
876,10.95,2.9629291388586627,-1.7895055652896374,1.7895055652896374,2.509408385595661,0.04327204749277065,0.0,0.017025720916296037,0.0
877,10.9625,2.9405603192925422,0.29583451789953585,0.29583451789953585,2.4435614513386383,0.04209639105321209,0.0,0.002814629938493239,0.0
878,10.975,2.9442582507662864,-4.172311010476868,4.172311010476868,2.448319301497143,0.04218133953624195,0.0,0.039696217892941144,0.0
879,10.9875,2.8921043631353256,4.033008816728909,4.033008816728909,2.022725369335813,0.034582622107280525,0.0,0.038370868411059716,0.0
880,11.0,2.942516973344437,-2.663627699665838,2.663627699665838,1.4387856166545165,0.02415673761774136,0.0,0.025342297179213342,0.0
881,11.0125,2.909221627098614,2.137346686371693,2.137346686371693,1.0877694926148775,0.017889561001662613,0.0,0.02033515228417003,0.0
882,11.025,2.93593846067826,1.0814402872824047,1.0814402872824047,0.809939217478476,0.012929072624276988,0.0,0.010289043452027007,0.0
883,11.0375,2.94945646426929,-0.7623513470250387,0.7623513470250387,0.9089527307416302,0.014696897896396305,0.0,0.007253166196501809,0.0
884,11.05,2.939927072431477,0.7702123956192608,0.7702123956192608,0.8988415673071503,0.014516369303268864,0.0,0.00732795781608138,0.0
885,11.0625,2.949554727376718,-0.5231794595576034,0.5231794595576034,0.9191358467339128,0.014878711158109731,0.0,0.004977636080234617,0.0
886,11.075,2.943014984132248,-1.4783042006016345,1.4783042006016345,0.9024348109343502,0.014580524454254801,0.0,0.014064887663402054,0.0
887,11.0875,2.9245361816247275,0.3076510414590672,0.3076510414590672,0.7357207508589375,0.011603947632506906,0.0,0.0029270547536085,0.0
888,11.1,2.928381819642966,0.004457510606883375,0.004457510606883375,0.7761231042028399,0.012325306757544884,0.0,4.2409665019366554e-05,0.0
889,11.1125,2.928437538525552,-0.5918812324378919,0.5918812324378919,1.140256640995098,0.01882668669602538,0.0,0.0056312787590855375,0.0
890,11.125,2.9210390231200782,1.5909309666549376,1.5909309666549376,1.4803182027918982,0.024898276352913768,0.0,0.015136441685765846,0.0
891,11.1375,2.940925660203265,0.6595061390790491,0.6595061390790491,1.4466591053093314,0.024297313906421605,0.0,0.006274675912911413,0.0
892,11.15,2.949169486941753,0.9425409632595816,0.9425409632595816,1.428229115757371,0.023968257798612783,0.0,0.00896752695487546,0.0
893,11.1625,2.960951248982498,0.17418327354192797,0.17418327354192797,1.390148413061212,0.023288350315404795,0.0,0.001657215189007655,0.0
894,11.175,2.963128539901772,0.023554014159294923,0.023554014159294923,1.4038423229567334,0.023532846639084243,0.0,0.00022409769453258642,0.0
895,11.1875,2.963422965078763,0.7637444339404098,0.7637444339404098,1.4594206564902579,0.024525163539724955,0.0,0.007266420309533535,0.0
896,11.2,2.9729697705030182,-2.36274521373943,2.36274521373943,1.4402971591178169,0.024183725277086423,0.0,0.022479639843383678,0.0
897,11.2125,2.9434354553312754,2.734881640360527,2.734881640360527,1.1985093836154437,0.019866753523073634,0.0,0.02602022170316291,0.0
898,11.225,2.977621475835782,-1.320191661964465,1.320191661964465,0.7645531169446529,0.01211873176389972,0.0,0.012560572723890917,0.0
899,11.2375,2.961119080061226,-0.10523815118315127,0.10523815118315127,0.6430574966196783,0.009949502322545977,0.0,0.0010012572335874807,0.0
900,11.25,2.9598036031714368,0.17256040489780133,0.17256040489780133,0.6590285957542219,0.010234656456997601,0.0,0.0016417748857447613,0.0
901,11.2625,2.9619606082326593,-0.5800216132915992,0.5800216132915992,0.6569251439128563,0.010197100620412255,0.0,0.0055184439237685205,0.0
902,11.275,2.9547103380665143,-1.1285556568066113,1.1285556568066113,0.626857496261472,0.009660261297783385,0.0,0.01073730868681965,0.0
903,11.2875,2.9406033923564316,-0.37374268173991254,0.37374268173991254,0.6237156360785914,0.009604165320075778,0.0,0.003555864098574005,0.0
904,11.3,2.9359316088346827,-0.6916036679051984,0.6916036679051984,0.6100510341894346,0.009360192272791836,0.0,0.006580058348426966,0.0
905,11.3125,2.9272865629858678,-0.8151756834604384,0.8151756834604384,0.6576664893655849,0.010210336886690586,0.0,0.007755747706826466,0.0
906,11.325,2.9170968669426123,-0.6121746702962838,0.6121746702962838,0.6219076354472666,0.009571884582803393,0.0,0.005824354665699583,0.0
907,11.3375,2.9094446835639087,-0.4212375066023455,0.4212375066023455,0.5911089935619214,0.009021993808529385,0.0,0.004007739548844125,0.0
908,11.35,2.9041792147313794,-0.0873655012213348,0.0873655012213348,0.5721651465496103,0.008683763092379369,0.0,0.0008312131967390759,0.0
909,11.3625,2.9030871459661127,-0.1662001179289163,0.1662001179289163,0.8212303978920404,0.013130669693498305,0.0,0.0015812618183476987,0.0
910,11.375,2.9010096444920013,1.1145424456107378,1.1145424456107378,0.8191299332086742,0.0130931671907785,0.0,0.010603984137519664,0.0
911,11.3875,2.9149414250621355,0.06936965595674138,0.06936965595674138,0.8010478834814551,0.012770323334157247,0.0,0.0006599970546544748,0.0
912,11.4,2.9158085457615948,0.9804178745875447,0.9804178745875447,0.801176764350402,0.012772624422662325,0.0,0.009327895614213391,0.0
913,11.4125,2.928063769193939,0.546317271601815,0.546317271601815,0.728141534879338,0.011468625401126468,0.0,0.005197773942960235,0.0
914,11.425,2.9348927350889618,-0.2754699782004977,0.2754699782004977,0.8202851510675637,0.013113792893861278,0.0,0.0026208775544661255,0.0
915,11.4375,2.9314493603614555,0.03385170925309211,0.03385170925309211,0.8213144363927098,0.01313217014914742,0.0,0.0003220720658610851,0.0
916,11.45,2.931872506727119,-1.6685334946502905,1.6685334946502905,0.851460689932058,0.013670412931472852,0.0,0.015874767964082888,0.0
917,11.4625,2.9110158380439906,0.007637254206187549,0.007637254206187549,0.6594563929290576,0.010242294511966983,0.0,7.266239412913561e-05,0.0
918,11.475,2.911111303721568,1.0039102431399627,1.0039102431399627,0.6778500900912857,0.010570702641518697,0.0,0.009551406799869582,0.0
919,11.4875,2.9236601817608174,-0.0803997388456068,0.0803997388456068,0.5861771765796798,0.008933939255051395,0.0,0.0007649395128351174,0.0
920,11.5,2.9226551850252473,-0.260127479252823,0.260127479252823,0.5934211859803977,0.009063276579503498,0.0,0.0024749058903884022,0.0
921,11.5125,2.919403591534587,-1.1999515136931294,1.1999515136931294,0.5912543571154598,0.009024589185212033,0.0,0.011416583430361968,0.0
922,11.525,2.904404197613423,0.29900017359675957,0.29900017359675957,0.41508239602346514,0.005879147368300506,0.0,0.0028447486324293995,0.0
923,11.5375,2.9081416997833824,0.6360575153233938,0.6360575153233938,0.4255756561211582,0.006066498061920688,0.0,0.006051580924173337,0.0
924,11.55,2.916092418724925,0.6805758180932742,0.6805758180932742,0.36130803164755854,0.004919039225453136,0.0,0.006475137136195775,0.0
925,11.5625,2.924599616451091,0.4436692589597513,0.4436692589597513,0.28528621621743727,0.0035617165518037983,0.0,0.004221159815709204,0.0
926,11.575,2.9301454821880877,-0.2842873158103032,0.2842873158103032,0.4642340301206676,0.00675671951031772,0.0,0.002704767502774284,0.0
927,11.5875,2.926591890740459,-0.2735402914126084,0.2735402914126084,0.6451528849606791,0.009986914190300638,0.0,0.002602518120808176,0.0
928,11.6,2.9231726370978013,-0.2170953526989905,0.2170953526989905,0.8956778288841246,0.01445988270306375,0.0,0.002065489461989812,0.0
929,11.6125,2.920458945189064,-0.14689139069037793,0.14689139069037793,0.8951359989037172,0.014450208662612216,0.0,0.0013975546494018286,0.0
930,11.625,2.918622802805434,-0.39996381407057413,0.39996381407057413,0.8955222979863104,0.01445710579471367,0.0,0.003805337299345445,0.0
931,11.6375,2.913623255129552,0.0,0.0,0.8844022757480122,0.014258564649252589,0.0,0.0,0.0
932,11.65,2.913623255129552,0.2644641669836645,0.2644641669836645,0.9904769892594479,0.01615246330104515,0.0,0.0025161660219233844,0.0
933,11.6625,2.916929057216848,1.1268728800593308,1.1268728800593308,1.031739268522099,0.01688917587351887,0.0,0.010721298405645145,0.0
934,11.675,2.9310149682175894,1.2986498219068565,1.2986498219068565,0.9600632453458894,0.015609444642902435,0.0,0.012355619264142964,0.0
935,11.6875,2.947248090991425,1.778470274274504,1.778470274274504,0.9210846094220679,0.014913505115176254,0.0,0.016920728906939887,0.0
936,11.7,2.9694789694198565,0.19841335437341456,0.19841335437341456,0.6769242730268478,0.01055417274827551,0.0,0.001887745119742693,0.0
937,11.7125,2.971959136349524,-0.1646539338053188,0.1646539338053188,0.7036738141349057,0.011031769323025242,0.0,0.0015665511072528613,0.0
938,11.725,2.9699009621769576,0.04035648431823802,0.04035648431823802,0.748797216772118,0.011837419874319882,0.0,0.0003839598224741977,0.0
939,11.7375,2.9704054182309356,-1.2613557179612656,1.2613557179612656,0.7569225964800046,0.011982493522550005,0.0,0.01200079555310399,0.0
940,11.75,2.95463847175642,-0.8587614984865155,0.8587614984865155,0.613644114850714,0.009424344514121673,0.0,0.008170432040274282,0.0
941,11.7625,2.9439039530253384,0.3573886157136741,0.3573886157136741,0.5542174904481039,0.00836331875113856,0.0,0.003400268179002585,0.0
942,11.775,2.9483713107217593,-1.0487586667769122,1.0487586667769122,0.5591636967056556,0.008451630216261257,0.0,0.009978103849149185,0.0
943,11.7875,2.935261827387048,-0.20394466422981594,0.20394466422981594,0.47696457180240465,0.00698401548811955,0.0,0.0019403711298224128,0.0
944,11.8,2.932712519084175,-0.5786283621493382,0.5786283621493382,0.5068120607186419,0.007516924012183214,0.0,0.00550518824824867,0.0
945,11.8125,2.9254796645573085,0.7425862906690384,0.7425862906690384,0.4638925719706209,0.006750622985438138,0.0,0.007065117419264473,0.0
946,11.825,2.9347619931906714,0.31544414332401516,0.31544414332401516,0.8206206899813564,0.013119783734424684,0.0,0.0030011999141480793,0.0
947,11.8375,2.9387050449822216,0.14155037359419254,0.14155037359419254,0.8313778784433272,0.013311846706369534,0.0,0.0013467391234528493,0.0
948,11.85,2.940474424652149,0.42691302100571704,0.42691302100571704,0.8548718854844513,0.01373131772625207,0.0,0.004061737550394114,0.0
949,11.8625,2.9458108374147205,0.4144667979479877,0.4144667979479877,0.8601827344505648,0.013826139662261466,0.0,0.003943321645826323,0.0
950,11.875,2.9509916723890703,0.6469498013514041,0.6469498013514041,0.8811900368914999,0.01420121210369112,0.0,0.006155212354916251,0.0
951,11.8875,2.959078544905963,-0.525832219581126,0.525832219581126,0.9751648517601652,0.015879074520571777,0.0,0.005002874980126551,0.0
952,11.9,2.952505642161199,-0.03890512820639458,0.03890512820639458,0.968670150532597,0.015763115631864895,0.0,0.0003701513244232808,0.0
953,11.9125,2.952019328058619,-2.0535847650041816,2.0535847650041816,0.9905057448955876,0.016152976715210633,0.0,0.019538224281107266,0.0
954,11.925,2.9263495184960666,0.4916013497469507,0.4916013497469507,0.6986636400871344,0.010942315752421942,0.0,0.0046771955031675635,0.0
955,11.9375,2.9324945353679035,0.5804917044016733,0.5804917044016733,0.7867502956452619,0.01251504871280338,0.0,0.005522916466464446,0.0
956,11.95,2.9397506816729244,-0.5050959274683464,0.5050959274683464,0.7597478088362765,0.012032935948416127,0.0,0.004805585667816514,0.0
957,11.9625,2.93343698257957,-0.6814947412571826,0.6814947412571826,0.7475009512854265,0.011814275852749221,0.0,0.006483879958590793,0.0
958,11.975,2.9249182983138553,-1.346903449175656,1.346903449175656,0.707995277434526,0.01110892638756956,0.0,0.012814714115264358,0.0
959,11.9875,2.9080820051991596,-0.4189301881518759,0.4189301881518759,0.5682074711893903,0.00861310123734504,0.0,0.003985787250530732,0.0
960,12.0,2.902845377847261,0.5863034795285671,0.5863034795285671,0.5492012930538028,0.008273757637394257,0.0,0.005578210880328283,0.0
961,12.0125,2.9101741713413682,0.5229191118389309,0.5229191118389309,0.5315984720349352,0.007959470114083765,0.0,0.004975159078941473,0.0
962,12.025,2.916710660239355,1.1350916495234387,1.1350916495234387,0.5126532935792363,0.007621215625832431,0.0,0.010799493454537673,0.0
963,12.0375,2.930899305858398,-0.05381692622297152,0.05381692622297152,0.33229694408718424,0.004401064132249558,0.0,0.0005120252120014531,0.0
964,12.05,2.9302265942806107,0.3277947666968828,0.3277947666968828,0.3677980791547802,0.005034915024850621,0.0,0.0031187062638166215,0.0
965,12.0625,2.9343240288643218,-0.0665748296053792,0.0665748296053792,0.4019697834309592,0.005645029749799958,0.0,0.0006334065067451695,0.0
966,12.075,2.9334918434942545,-0.6220677141341469,0.6220677141341469,0.406713932381077,0.005729733606196069,0.0,0.005918479102450846,0.0
967,12.0875,2.9257159970675777,-0.0748407800412565,0.0748407800412565,0.7545206510028017,0.011939608266013693,0.0,0.0007120504450256321,0.0
968,12.1,2.924780487317062,-0.43766513629780235,0.43766513629780235,0.7552221172083421,0.011952132512905082,0.0,0.004164035368167737,0.0
969,12.1125,2.9193096731133394,0.33937605853758157,0.33937605853758157,0.7539516693586927,0.01192944944933627,0.0,0.0032288930363836015,0.0
970,12.125,2.923551873845059,0.26324120094351144,0.26324120094351144,0.7453150801984894,0.01177524847131683,0.0,0.0025045304735944896,0.0
971,12.1375,2.926842388856853,0.4491431902970433,0.4491431902970433,0.7406258215273777,0.011691524647031715,0.0,0.004273239914855817,0.0
972,12.15,2.932456678735566,0.5638117125127451,0.5638117125127451,0.7738819245629444,0.012285291875977792,0.0,0.005364219621763095,0.0
973,12.1625,2.9395043251419755,-0.18741487653802125,0.18741487653802125,0.7626043412914342,0.012083937575349974,0.0,0.0017831033584866074,0.0
974,12.175,2.93716163918525,-1.9021171785519897,1.9021171785519897,0.7758567388182784,0.01232055096772462,0.0,0.018097130771916322,0.0
975,12.1875,2.9133851744533503,0.11863140648603832,0.11863140648603832,0.42380366872976394,0.0060348603188576985,0.0,0.0011286833960821188,0.0
976,12.2,2.914868067034426,-0.41977631995557374,0.41977631995557374,0.5309745662087442,0.007948330659976813,0.0,0.003993837521078972,0.0
977,12.2125,2.909620863034981,0.10764618641026402,0.10764618641026402,0.5842387313652164,0.008899329510120525,0.0,0.0010241677718549576,0.0
978,12.225,2.9109664403651094,-0.11641408767310679,0.11641408767310679,0.910447063743663,0.01472357829141405,0.0,0.0011075873726756117,0.0
979,12.2375,2.9095112642691956,-0.7776005469438374,0.7776005469438374,0.9120124736977072,0.014751527721615879,0.0,0.007398250194590549,0.0
980,12.25,2.8997912574323976,0.4233920555429904,0.4233920555429904,1.3922842927079604,0.023326485130474854,0.0,0.004028238366883836,0.0
981,12.2625,2.905083658126685,0.4452310843295848,0.4452310843295848,1.42119699313407,0.023842703582017385,0.0,0.004236019340810749,0.0
982,12.275,2.910649046680805,0.4891796445225083,0.4891796445225083,1.423693265977343,0.023887272995555056,0.0,0.004654154905757508,0.0
983,12.2875,2.916763792237336,0.9125069497044436,0.9125069497044436,1.434923578927273,0.02408778331371668,0.0,0.008681777224500486,0.0
984,12.3,2.9281701291086417,-0.807105569878459,0.807105569878459,1.4052304577773909,0.02355763093100756,0.0,0.007678967000314747,0.0
985,12.3125,2.918081309485161,-1.977933109755341,1.977933109755341,1.7555340492747935,0.02981208571757173,0.0,0.01881845900397937,0.0
986,12.325,2.893357145613219,0.19072338664880562,0.19072338664880562,1.7745345213236814,0.030151327438860297,0.0,0.0018145811984484192,0.0
987,12.3375,2.8957411879463293,3.075414282163642,3.075414282163642,1.9101542468471928,0.032572734075963915,0.0,0.029260118708618967,0.0
988,12.35,2.934183866473375,0.9110562909464193,0.9110562909464193,1.6345758102179564,0.027652450887653016,0.0,0.008667975361216029,0.0
989,12.3625,2.945572070110205,0.5050185113642769,0.5050185113642769,1.6051583280688901,0.027127219869468443,0.0,0.004804849115213449,0.0
990,12.375,2.9518848015022585,0.7043592966611101,0.7043592966611101,1.6607140992046692,0.028119133932399235,0.0,0.00670141800191029,0.0
991,12.3875,2.9606892927105224,-0.39749796237128265,0.39749796237128265,1.8304449185375755,0.03114957313191291,0.0,0.0037818766833700394,0.0
992,12.4,2.9557205681808814,-3.0837050232653596,3.0837050232653596,1.8252926303246568,0.031057582200454573,0.0,0.029338998510350267,0.0
993,12.4125,2.9171742553900644,2.1092186089443032,2.1092186089443032,1.46635109982109,0.024648902335203036,0.0,0.020067536018828498,0.0
994,12.425,2.943539488001868,2.0085087117675116,2.0085087117675116,1.2701209270440554,0.02114533350752592,0.0,0.01910936151739106,0.0
995,12.4375,2.968645846898962,1.281937466394787,1.281937466394787,1.058156828871107,0.01736084513636577,0.0,0.012196614505330513,0.0
996,12.45,2.984670065228897,0.25997114421961953,0.25997114421961953,0.970559523739769,0.0157968492263413,0.0,0.0024734184869981083,0.0
997,12.4625,2.987919704531642,-1.3063491822046203,1.3063491822046203,1.0004391866160596,0.01633033219663773,0.0,0.01242887254829384,0.0
998,12.475,2.9715903397540844,-2.2883575469790074,2.2883575469790074,0.9405707577070046,0.015261418286409971,0.0,0.021771900410523962,0.0
999,12.4875,2.942985870416847,-0.08556472537854631,0.08556472537854631,0.8494063806921573,0.013633734505757437,0.0,0.0008140802481040924,0.0
1000,12.5,2.941916311349615,-0.23911412242721752,0.23911412242721752,0.9332870348672797,0.015131371902973843,0.0,0.002274980527893429,0.0
1001,12.5125,2.9389273848192747,-0.39112160675010443,0.39112160675010443,0.9316663097859811,0.015102434855257309,0.0,0.0037212107355378715,0.0
1002,12.525,2.9340383647348984,-0.29328635600116115,0.29328635600116115,0.9914619948016603,0.016170049968090006,0.0,0.0027903862064966615,0.0
1003,12.5375,2.930372285284884,0.4708322257768316,0.4708322257768316,0.9863000073628658,0.016077885862929835,0.0,0.00447959382187077,0.0
1004,12.55,2.9362576881070943,0.7339803892388019,0.7339803892388019,1.0094038145092998,0.01649039010411442,0.0,0.006983239117890962,0.0
1005,12.5625,2.9454324429725793,0.881422973911441,0.881422973911441,0.9805875208060957,0.015975892935208343,0.0,0.008386037939255565,0.0
1006,12.575,2.9564502301464723,-1.9827059936541147,1.9827059936541147,0.9307709404274673,0.015086448587043041,0.0,0.018863869194817896,0.0
1007,12.5875,2.931666405225796,-1.0970821488637839,1.0970821488637839,0.6127985603972413,0.009409247660343449,0.0,0.010437863313256548,0.0
1008,12.6,2.9179528783649986,-0.18164512174866587,0.18164512174866587,0.47442694126209606,0.006938707658383862,0.0,0.001728208734684123,0.0
1009,12.6125,2.9156823143431403,-1.0358254225658214,1.0358254225658214,0.567262423594593,0.00859622799483118,0.0,0.009855054326000765,0.0
1010,12.625,2.9027344965610675,0.06590467145546341,0.06590467145546341,0.4508610704803295,0.0065179535556910105,0.0,0.000627030485428689,0.0
1011,12.6375,2.903558304954261,0.7684724032816348,0.7684724032816348,0.4572184768745223,0.006631461129742211,0.0,0.007311403174111256,0.0
1012,12.65,2.9131642099952813,0.2827964170651853,0.2827964170651853,0.42026020672509456,0.005971593988069089,0.0,0.0026905827880457076,0.0
1013,12.6625,2.916699165208596,-0.123157296201164,0.123157296201164,0.40983384877935114,0.005785437791150195,0.0,0.0011717436338831635,0.0
1014,12.675,2.9151596990060815,0.06799495508893472,0.06799495508893472,0.4108710666623611,0.00580395667736935,0.0,0.0006469178702290953,0.0
1015,12.6875,2.916009635944693,-0.007747071614012668,0.007747071614012668,0.4103237970317994,0.0057941855153159525,0.0,7.370721934435024e-05,0.0
1016,12.7,2.915912797549518,0.8981318540570271,0.8981318540570271,0.41801782551981836,0.005931557653292472,0.0,0.008545009632722495,0.0
1017,12.7125,2.927139445725231,-0.3533365071029593,0.3533365071029593,0.3090788280306171,0.003986518975906005,0.0,0.003361715591256157,0.0
1018,12.725,2.922722739386444,-0.22478361035886962,0.22478361035886962,0.3412331321748295,0.004560614264520539,0.0,0.00213863711337948,0.0
1019,12.7375,2.919912944256958,-0.5754207857687632,0.5754207857687632,0.43181977232423596,0.006177982909413301,0.0,0.005474670712381419,0.0
1020,12.75,2.9127201844348485,-0.10360961101326893,0.10360961101326893,0.3827530866266688,0.0053019274687306035,0.0,0.0009857629702718445,0.0
1021,12.7625,2.9114250642971826,-0.14824883853624016,0.14824883853624016,0.4733072882813792,0.006918716944287551,0.0,0.0014104696850576897,0.0
1022,12.775,2.9095719538154796,-0.03206234302357558,0.03206234302357558,0.48296407941936587,0.0070911330000226775,0.0,0.0003050476706137518,0.0
1023,12.7875,2.909171174527685,-0.22593425913832732,0.22593425913832732,0.4840525617324337,0.007110567181053928,0.0,0.0021495846205410755,0.0
1024,12.8,2.906346996288456,-0.4158934757213828,0.4158934757213828,0.477976568157846,0.007002084059504216,0.0,0.003956895349132116,0.0
1025,12.8125,2.9011483278419385,0.5404898849268491,0.5404898849268491,0.6008563828922728,0.009196027439167092,0.0,0.005142330997644079,0.0
1026,12.825,2.907904451403524,-0.781507385567437,0.781507385567437,0.6090601662340817,0.00934250093597248,0.0,0.007435420654051873,0.0
1027,12.8375,2.898135609083931,0.10659248149583078,0.10659248149583078,0.5440376594437349,0.00818156414086029,0.0,0.0010141426083968231,0.0
1028,12.85,2.899468015102629,-0.7942882738896273,0.7942882738896273,0.5427333038690679,0.008158275675753534,0.0,0.007557020632200441,0.0
1029,12.8625,2.8895394116790087,-0.30960268261164714,0.30960268261164714,0.46547559493153506,0.006778886885025374,0.0,0.0029456230655696904,0.0
1030,12.875,2.885669378146363,-0.0972041044547467,0.0972041044547467,0.4524683420949081,0.0065466504000486125,0.0,0.0009248196744764765,0.0
1031,12.8875,2.884454326840679,-0.06545247862494108,0.06545247862494108,0.4716196276252968,0.006888584803125621,0.0,0.0006227282306147582,0.0
1032,12.9,2.883636170857867,1.110631229699166,1.110631229699166,0.4826631015017324,0.007085759224750931,0.0,0.010566772031647829,0.0
1033,12.9125,2.8975190612291066,0.6095379082172414,0.6095379082172414,0.2816362559045791,0.0034965487593414295,0.0,0.005799267973514201,0.0
1034,12.925,2.905138285081822,0.10457200436011505,0.10457200436011505,0.24574224394160774,0.00285568329184461,0.0,0.0009949193768530387,0.0
1035,12.9375,2.9064454351363236,0.004655211743092025,0.004655211743092025,0.24519943731056693,0.0028459918138977816,0.0,4.429063395023339e-05,0.0
1036,12.95,2.9065036252831122,0.08808282933934208,0.08808282933934208,0.2454308594992476,0.0028501237144858507,0.0,0.0008380380027522538,0.0
1037,12.9625,2.907604660649854,-0.018286335070598625,0.018286335070598625,0.2453957160423526,0.0028494962497166384,0.0,0.00017397992134408235,0.0
1038,12.975,2.9073760814614715,0.3886237491833455,0.3886237491833455,0.27531043157766244,0.0033836050636421484,0.0,0.0036974456092118114,0.0
1039,12.9875,2.9122338783262633,0.29764542341002453,0.29764542341002453,0.2403402605850945,0.002759234207447099,0.0,0.0028318592628526597,0.0
1040,13.0,2.9159544461188887,-0.06591067510278492,0.06591067510278492,0.24211764981161016,0.002790968396947839,0.0,0.0006270876053537445,0.0
1041,13.0125,2.915130562680104,0.4691466935766542,0.4691466935766542,0.2607094835176077,0.003122914132406688,0.0,0.00446355732475543,0.0
1042,13.025,2.920994896349812,0.09382650422768535,0.09382650422768535,0.40986885482288776,0.005786062802488561,0.0,0.0008926844970575356,0.0
1043,13.0375,2.922167727652658,-0.03049611275784514,0.03049611275784514,0.47699549195517943,0.006984567548395886,0.0,0.00029014623643426845,0.0
1044,13.05,2.921786526243185,0.08729599122307974,0.08729599122307974,0.4866295973991847,0.00715657856504277,0.0,0.0008305518644391726,0.0
1045,13.0625,2.9228777261334735,0.353480692992747,0.353480692992747,0.5491884975412159,0.008273529181400976,0.0,0.003363087405218186,0.0
1046,13.075,2.927296234795883,-0.08227560641149267,0.08227560641149267,0.5653561771713144,0.008562193139477623,0.0,0.0007827868994385423,0.0
1047,13.0875,2.926267789715739,-0.3089545630257362,0.3089545630257362,0.5706381660240722,0.008656499795945218,0.0,0.0029394567236458984,0.0
1048,13.1,2.9224058576779175,-0.2813041852839504,0.2813041852839504,0.5613339856650518,0.008490379388407337,0.0,0.0026763853905396426,0.0
1049,13.1125,2.918889555361868,-1.0100905736399923,1.0100905736399923,0.5831965389235961,0.008880721806222458,0.0,0.009610207724719986,0.0
1050,13.125,2.906263423191368,-0.6964633388983898,0.6964633388983898,0.4651932321321305,0.006773845471219895,0.0,0.006626294249381934,0.0
1051,13.1375,2.8975576314551383,-0.2742249781620387,0.2742249781620387,0.39496691096477193,0.0055199977767373355,0.0,0.0026090323701835334,0.0
1052,13.15,2.894129819228113,0.7252707882005893,0.7252707882005893,0.41587721181430015,0.0058933383145199705,0.0,0.006900374197297721,0.0
1053,13.1625,2.90319570408062,-0.5187537086056437,0.5187537086056437,0.32780243342372045,0.004320817413646979,0.0,0.004935528583049549,0.0
1054,13.175,2.8967112827230497,-0.23403365371418516,0.23403365371418516,0.33526302117335266,0.004454021611074156,0.0,0.002226643912400388,0.0
1055,13.1875,2.8937858620516224,-0.10581274747774927,0.10581274747774927,0.3262244563946514,0.0042926436060637865,0.0,0.001006724059922709,0.0
1056,13.2,2.8924632027081505,0.5284987427204157,0.5284987427204157,0.3476170535314481,0.004674595246888655,0.0,0.005028244825108869,0.0
1057,13.2125,2.8990694369921557,0.17485790982675553,0.17485790982675553,0.3126831779785354,0.004050872423405207,0.0,0.001663633816212998,0.0
1058,13.225,2.90125516086499,-0.042592519456121636,0.042592519456121636,0.32794319084497087,0.0043233305506756945,0.0,0.0004052339168134775,0.0
1059,13.2375,2.9007227543717886,-0.459172402309882,0.459172402309882,0.3280711592686925,0.004325615348033477,0.0,0.004368659883395182,0.0
1060,13.25,2.894983099342915,-0.04497061967235538,0.04497061967235538,0.2908341005308122,0.0036607706078891737,0.0,0.00042785964728223177,0.0
1061,13.2625,2.8944209665970106,0.5555900235373912,0.5555900235373912,0.34172415169331916,0.0045693811154814065,0.0,0.005285996796045139,0.0
1062,13.275,2.901365841891228,0.08331009386878918,0.08331009386878918,0.28572305550695976,0.0035695160481596143,0.0,0.0007926292240900939,0.0
1063,13.2875,2.902407218064588,-0.3556938250461883,0.3556938250461883,0.2951235110619305,0.0037373553900012083,0.0,0.0033841435949410175,0.0
1064,13.3,2.8979610452515105,-0.30785735680023407,0.30785735680023407,0.3035059931279654,0.003887019442422403,0.0,0.0029290176798421994,0.0
1065,13.3125,2.8941128282915076,0.32982271249199613,0.32982271249199613,0.38877774708068613,0.005409494069041443,0.0,0.0031380005537091416,0.0
1066,13.325,2.8982356121976576,-0.04985695229557052,0.04985695229557052,0.38085355266601106,0.005268012460261257,0.0,0.00047434921242286244,0.0
1067,13.3375,2.897612400293963,0.16269481535786667,0.16269481535786667,0.40439966173242536,0.005688413729702677,0.0,0.0015479116547832692,0.0
1068,13.35,2.8996460854859363,-0.5094602351364941,0.5094602351364941,0.40507996572296345,0.005700560138284307,0.0,0.00484710858106809,0.0
1069,13.3625,2.89327783254673,0.16606752553101956,0.16606752553101956,0.40836331391456865,0.0057591822972098295,0.0,0.0015800003072320027,0.0
1070,13.375,2.895353676615868,-0.2249941119379173,0.2249941119379173,0.4711585046592647,0.0068803517366881175,0.0,0.002140639868334157,0.0
1071,13.3875,2.892541250216644,0.40824270457726186,0.40824270457726186,0.46552388140599266,0.006779749010275094,0.0,0.0038841043520987145,0.0
1072,13.4,2.8976442840238597,-0.7530166945163685,0.7530166945163685,0.5471321388418701,0.008236814163849944,0.0,0.007164354408739921,0.0
1073,13.4125,2.888231575342405,0.24493541455061774,0.24493541455061774,0.5839181366256152,0.008893605488579454,0.0,0.0023303654884030112,0.0
1074,13.425,2.8912932680242878,0.38781822847827385,0.38781822847827385,0.6663273649757523,0.010364971484310034,0.0,0.0036897817209385004,0.0
1075,13.4375,2.896140995880266,0.17571323430768615,0.17571323430768615,0.6553568331467743,0.010169099397998826,0.0,0.0016717715477672687,0.0
1076,13.45,2.8983374113091123,0.5300153501123361,0.5300153501123361,0.7490414284946,0.0118417801241537,0.0,0.005042674137146381,0.0
1077,13.4625,2.9049626031855165,0.6851396543243737,0.6851396543243737,0.7262886503509687,0.011435543289527577,0.0,0.006518558404888955,0.0
1078,13.475,2.913526848864571,-0.09164895841799137,0.09164895841799137,0.6895765077177924,0.010780070603005612,0.0,0.0008719668821155005,0.0
1079,13.4875,2.9123812368843462,-0.9098301222731564,0.9098301222731564,0.8148520047114933,0.013016787413307761,0.0,0.008656309342382552,0.0
1080,13.5,2.901008360355932,-0.948624607330828,0.948624607330828,0.8831761200399928,0.014236672394581968,0.0,0.009025407985323307,0.0
1081,13.5125,2.8891505527642964,0.9403443484078977,0.9403443484078977,0.8236958652849006,0.013174689094699637,0.0,0.00894662791317882,0.0
1082,13.525,2.900904857119395,-0.18548948712297175,0.18548948712297175,0.8118962880442028,0.012964014913378652,0.0,0.0017647848109103013,0.0
1083,13.5375,2.898586238530358,1.0408837608029842,1.0408837608029842,0.809820481713604,0.01292695267035426,0.0,0.009903180387632892,0.0
1084,13.55,2.9115972855403953,0.111235819653146,0.111235819653146,0.7213807523325585,0.011347915794411122,0.0,0.0010583202746303683,0.0
1085,13.5625,2.9129877332860596,-0.23147526189379874,0.23147526189379874,0.73715067301647,0.01162947801158285,0.0,0.0022023028508394065,0.0
1086,13.575,2.910094292512387,-1.2313178989471751,1.2313178989471751,0.7784252017596912,0.012366409290984632,0.0,0.011715009616816421,0.0
1087,13.5875,2.8947028187755475,-1.325111695974357,1.325111695974357,0.7082708077534166,0.011113845811645295,0.0,0.01260738293089776,0.0
1088,13.6,2.878138922575868,0.2961202483146508,0.2961202483146508,0.5322657085668102,0.007971383211242482,0.0,0.0028173484359371166,0.0
1089,13.6125,2.881840425679801,0.8543144187023799,0.8543144187023799,0.5263814748779552,0.007866323844299639,0.0,0.008128121616229894,0.0
1090,13.625,2.892519355913581,-0.08646033967277589,0.08646033967277589,0.43117212297958507,0.006166419529413821,0.0,0.0008226013051591624,0.0
1091,13.6375,2.891438601667671,-0.009317798433094993,0.009317798433094993,0.5342828920291922,0.008007398779075353,0.0,8.865143464949161e-05,0.0
1092,13.65,2.8913221291872575,0.44314874107445945,0.44314874107445945,0.5345332367462358,0.008011868529748223,0.0,0.004216207502389359,0.0
1093,13.6625,2.8968614884506882,-0.7443240133951434,0.7443240133951434,0.5123789034096831,0.007616316558420611,0.0,0.007081650467687701,0.0
1094,13.675,2.887557438283249,0.8256862039032598,0.8256862039032598,0.6100089612601414,0.00935944108656255,0.0,0.007855746941931127,0.0
1095,13.6875,2.8978785158320397,0.09589048968301483,0.09589048968301483,0.543288981164552,0.008168196951483736,0.0,0.0009123216756276097,0.0
1096,13.7,2.8990771469530774,-0.19455740050286607,0.19455740050286607,0.5515924005283567,0.008316449388071108,0.0,0.0018510587881997987,0.0
1097,13.7125,2.8966451794467916,-0.022553632147257474,0.022553632147257474,0.5651868364456317,0.008559169665159879,0.0,0.00021457985604300588,0.0
1098,13.725,2.896363259044951,0.896585669626262,0.896585669626262,0.5832799559195732,0.00888221116528823,0.0,0.008530298918705203,0.0
1099,13.7375,2.907570579915279,-0.04719535081211035,0.04719535081211035,0.49130637424350565,0.007240079534001212,0.0,0.0004490261930778748,0.0
1100,13.75,2.9069806380301277,0.10407536932000028,0.10407536932000028,0.5024241308722275,0.007438580228399261,0.0,0.000990194289793095,0.0
1101,13.7625,2.9082815801466277,-1.1960972260579794,1.1960972260579794,0.5101802329218926,0.007577060651572336,0.0,0.011379912951722483,0.0
1102,13.775,2.893330364820903,0.2572422617170389,0.2572422617170389,0.28549284879908193,0.003565405849232361,0.0,0.0024474553423153023,0.0
1103,13.7875,2.896545893092366,0.2862255406811087,0.2862255406811087,0.2974658122549185,0.0037791757345927005,0.0,0.002723208169494433,0.0
1104,13.8,2.90012371235088,0.3991346292377074,0.3991346292377074,0.28790256783260115,0.0036084298978270235,0.0,0.0037974482657340126,0.0
1105,13.8125,2.905112895216351,-0.4083423091132943,0.4083423091132943,0.26333623411206447,0.0031698131457978547,0.0,0.0038850520099687866,0.0
1106,13.825,2.900008616352435,-0.11488008590376353,0.11488008590376353,0.22029452185637818,0.002401329893631452,0.0,0.0010929925669837302,0.0
1107,13.8375,2.898572615278638,0.30101799351797354,0.30101799351797354,0.22906556840319417,0.002557931525442918,0.0,0.002863946582692477,0.0
1108,13.85,2.9023353401976126,-0.2714085200418026,0.2714085200418026,0.2098901938625209,0.002215567027929726,0.0,0.002582236013213381,0.0
1109,13.8625,2.89894273369709,0.020662705365559475,0.020662705365559475,0.30024844113051674,0.0038288578586492166,0.0,0.0001965891929890303,0.0
1110,13.875,2.8992010175141596,0.34930147891728325,0.34930147891728325,0.3396953301652309,0.004533157757156146,0.0,0.0033233255101570857,0.0
1111,13.8875,2.9035672860006256,0.19271972647139535,0.19271972647139535,0.32544144950082066,0.004278663500424279,0.0,0.001833574782672338,0.0
1112,13.9,2.905976282581518,-0.22577227755078866,0.22577227755078866,0.34362197315020454,0.004603265548251058,0.0,0.0021480434946812266,0.0
1113,13.9125,2.903154129112133,0.014597079188227724,0.014597079188227724,0.40795860470645195,0.005751956463660559,0.0,0.00013887958845862187,0.0
1114,13.925,2.903336592601986,-0.2114906623963364,0.2114906623963364,0.4789087267002908,0.007018727175929911,0.0,0.0020121652953785643,0.0
1115,13.9375,2.900692959322032,-0.1525604904152189,0.1525604904152189,0.47309349933750283,0.006914899874420735,0.0,0.0014514916203920089,0.0
1116,13.95,2.8987859531918416,0.665149944091219,0.665149944091219,0.4732266637943547,0.006917277443748521,0.0,0.006328372224846405,0.0
1117,13.9625,2.907100327492982,-0.4498636180789717,0.4498636180789717,0.46960913362539675,0.006852688671523652,0.0,0.004280094211703714,0.0
1118,13.975,2.9014770322669947,0.21486107351226025,0.21486107351226025,0.4423282322375036,0.006365604986375198,0.0,0.00204423207412793,0.0
1119,13.9875,2.904162795685898,0.36667735135779367,0.36667735135779367,0.4403674797371803,0.006330596958599937,0.0,0.0034886431043504337,0.0
1120,14.0,2.9087462625778704,-0.6616694213046515,0.6616694213046515,0.5369741767252806,0.008055450009088454,0.0,0.006295257821205354,0.0
1121,14.0125,2.9004753948115622,-0.7096476855215528,0.7096476855215528,0.4847493703133341,0.00712300826892717,0.0,0.00675173281209093,0.0
1122,14.025,2.891604798742543,0.02096246947573377,0.02096246947573377,0.4361429343920353,0.006255170304416759,0.0,0.00019944120986986258,0.0
1123,14.0375,2.8918668296109895,0.15582949951784997,0.15582949951784997,0.4496412079817066,0.0064961736623966,0.0,0.0014825936397060528,0.0
1124,14.05,2.8938146983549626,0.6443124650293797,0.6443124650293797,0.4635589768034984,0.006744666849273889,0.0,0.006130120199266022,0.0
1125,14.0625,2.90186860416783,0.057874761950067466,0.057874761950067466,0.40765696045143673,0.005746570791345424,0.0,0.000550632288701172,0.0
1126,14.075,2.9025920386922057,0.1797756888920432,0.1797756888920432,0.4071448112501199,0.0057374266829167365,0.0,0.0017104225692169818,0.0
1127,14.0875,2.9048392348033563,-0.9432890723826404,0.9432890723826404,0.5472157028978182,0.00823830614858089,0.0,0.008974644617648459,0.0
1128,14.1,2.8930481213985733,0.10455576256084953,0.10455576256084953,0.4338708982401878,0.006214604498841013,0.0,0.0009947648490623256,0.0
1129,14.1125,2.894355068430584,-0.38145706858500716,0.38145706858500716,0.45923012203041896,0.006667377814525215,0.0,0.003629260348360838,0.0
1130,14.125,2.8895868550732713,0.3099869008325129,0.3099869008325129,0.4558229150230441,0.006606544232759758,0.0,0.002949278596083985,0.0
1131,14.1375,2.8934616913336777,0.35490915090885977,0.35490915090885977,0.4591938744671642,0.006666730636617244,0.0,0.003376678045164854,0.0
1132,14.15,2.8978980557200384,0.15973957564554553,0.15973957564554553,0.44224952128353645,0.006364199650789883,0.0,0.0015197949014416326,0.0
1133,14.1625,2.8998948004156078,-0.0033297834627887823,0.0033297834627887823,0.43862881667462583,0.006299554200895591,0.0,3.1680238971463516e-05,0.0
1134,14.175,2.899853178122323,-1.0496400924493443,1.0496400924493443,0.44083062452533495,0.006338866123425692,0.0,0.009986489912762716,0.0
1135,14.1875,2.886732676966706,-0.013627942282532501,0.013627942282532501,0.24030342681686734,0.0027585765632105364,0.0,0.000129659022283194,0.0
1136,14.2,2.8865623276881744,0.4383134684301737,0.4383134684301737,0.24453313915763764,0.002834095470916958,0.0,0.004170203732301902,0.0
1137,14.2125,2.8920412460435516,-0.347228014730554,0.347228014730554,0.21642215473545856,0.002332191164647142,0.0,0.003303598149003295,0.0
1138,14.225,2.8877008958594197,0.34751655297586836,0.34751655297586836,0.20923219415559163,0.002203818848589144,0.0,0.0033063433607163446,0.0
1139,14.2375,2.892044852771618,-0.06136369625160398,0.06136369625160398,0.17718852542532723,0.0016316988871226202,0.0,0.000583826721211159,0.0
1140,14.25,2.891277806568473,0.0012369164651815368,0.0012369164651815368,0.1785431512236101,0.0016558848960980276,0.0,1.1768275517792935e-05,0.0
1141,14.2625,2.8912932680242878,-0.12450820484620095,0.12450820484620095,0.20154466232233828,0.00206656270438055,0.0,0.0011845964542487083,0.0
1142,14.275,2.8897369154637103,-0.09516881338615946,0.09516881338615946,0.2509149785426507,0.0029480392809648624,0.0,0.0009054555001540638,0.0
1143,14.2875,2.8885473052963833,0.12880789751303467,0.12880789751303467,0.25424572441612203,0.003007507696296014,0.0,0.0012255046071996086,0.0
1144,14.3,2.890157404015296,-0.29741459264752024,0.29741459264752024,0.2810997815696591,0.0034869703406401925,0.0,0.002829663091900457,0.0
1145,14.3125,2.886439721607202,0.3099738542205088,0.3099738542205088,0.35173064239260954,0.004748040841416163,0.0,0.002949154467956533,0.0
1146,14.325,2.8903143947849586,0.14733992792905326,0.14733992792905326,0.33434361004552143,0.004437606091882064,0.0,0.001401822124169372,0.0
1147,14.3375,2.8921561438840717,-0.08729587429712637,0.08729587429712637,0.4239005197192841,0.006036589533600826,0.0,0.0008305507519818054,0.0
1148,14.35,2.8910649454553576,0.26446603270834146,0.26446603270834146,0.43819808323285975,0.006291863720689346,0.0,0.002516183772808474,0.0
1149,14.3625,2.894370770864212,0.440689116549855,0.440689116549855,0.4388557427787869,0.006303605826664826,0.0,0.004192806133023953,0.0
1150,14.375,2.899879384821085,0.15005865005353058,0.15005865005353058,0.4348002699387582,0.006231197857886446,0.0,0.0014276886009427028,0.0
1151,14.3875,2.9017551179467542,-0.3627686107958894,0.3627686107958894,0.4361106374864874,0.006254593663067946,0.0,0.00345145454946018,0.0
1152,14.4,2.8972205103118056,-0.66785799442318,0.66785799442318,0.4315737919428762,0.00617359108126498,0.0,0.006354137168009232,0.0
1153,14.4125,2.888872285381516,0.025562248397754672,0.025562248397754672,0.36154510706477555,0.004923272060953485,0.0,0.00024320444465494883,0.0
1154,14.425,2.889191813486488,0.7516362568970436,0.7516362568970436,0.36196231388884054,0.004930721031735104,0.0,0.007151220643690591,0.0
1155,14.4375,2.898587266697701,0.3259261356729226,0.3259261356729226,0.31187822919169744,0.004036500558785557,0.0,0.0031009277271489646,0.0
1156,14.45,2.9026613433936124,0.2730507370878854,0.2730507370878854,0.30658113664583786,0.0039419242351837755,0.0,0.0025978604011185754,0.0
1157,14.4625,2.906074477607211,-0.40726182192376115,0.40726182192376115,0.32502257494143333,0.004271184753256055,0.0,0.0038747720344831297,0.0
1158,14.475,2.900983704833164,-0.17789689591534597,0.17789689591534597,0.30885934230912615,0.003982600193584952,0.0,0.0016925473496584625,0.0
1159,14.4875,2.898759993634222,-0.3163995307889067,0.3163995307889067,0.36289802885902844,0.0049474276459868585,0.0,0.003010289665339514,0.0
1160,14.5,2.8948049994993608,0.04130027989212692,0.04130027989212692,0.3456625908711325,0.004639699520331244,0.0,0.00039293928605047733,0.0
1161,14.5125,2.8953212529980124,0.055391753983933256,0.055391753983933256,0.35134038659734235,0.004741073064647846,0.0,0.0005270084445040188,0.0
1162,14.525,2.8960136499228115,0.5431091676873834,0.5431091676873834,0.3553781803525375,0.004813165384259495,0.0,0.005167251388028282,0.0
1163,14.5375,2.902802514518904,-0.2828772771735544,0.2828772771735544,0.3044007550662582,0.0039029948655228894,0.0,0.002691352107608081,0.0
1164,14.55,2.8992665485542344,-0.40955848424893304,0.40955848424893304,0.3265225266592958,0.004297965466982964,0.0,0.0038966229482471334,0.0
1165,14.5625,2.8941470675011227,0.28965072842510153,0.28965072842510153,0.3307235144498597,0.004372971515544087,0.0,0.002755796104254894,0.0
1166,14.575,2.8977677016064365,-0.5674983645099374,0.5674983645099374,0.3570906675020542,0.0048437407871648455,0.0,0.005399295180753906,0.0
1167,14.5875,2.8906739720500623,0.049090142668823944,0.049090142668823944,0.3209460009613872,0.004198400036624134,0.0,0.00046705362924382755,0.0
1168,14.6,2.8912875988334226,0.18266153763772053,0.18266153763772053,0.329894342887117,0.004358167168185526,0.0,0.0017378791227497408,0.0
1169,14.6125,2.893570868053894,0.1609251905075837,0.1609251905075837,0.3669937879286991,0.005020554900573128,0.0,0.0015310750830442013,0.0
1170,14.625,2.895582432935239,-0.1609251905075837,0.1609251905075837,0.38033943475440973,0.00525883320172346,0.0,0.0015310750830442013,0.0
1171,14.6375,2.893570868053894,0.4378089535283891,0.4378089535283891,0.3911062960040869,0.005451068875332919,0.0,0.00416540367463094,0.0
1172,14.65,2.899043479972999,0.43569118968949994,0.43569118968949994,0.36037140876907414,0.004902316401058155,0.0,0.004145254837551624,0.0
1173,14.6625,2.9044896198441177,-0.47852184791622676,0.47852184791622676,0.3274038426715112,0.004313700821358048,0.0,0.004552754455196838,0.0
1174,14.675,2.898508096745165,-0.354957912223135,0.354957912223135,0.2867200575634365,0.003587316905575007,0.0,0.003377141970253697,0.0
1175,14.6875,2.8940711228423757,-0.2213625478570691,0.2213625478570691,0.319840715372852,0.004178665843462756,0.0,0.002106088427014577,0.0
1176,14.7,2.8913040909941623,0.49010054132477165,0.49010054132477165,0.38500368204051305,0.0053421104631400165,0.0,0.004662916505750358,0.0
1177,14.7125,2.897430347760722,-0.3250939540322051,0.3250939540322051,0.3487624893324515,0.0046950462973550915,0.0,0.0030930101812964438,0.0
1178,14.725,2.8933666733353194,0.3038837114716131,0.3038837114716131,0.4639553801592864,0.006751744386947483,0.0,0.002891211607764131,0.0
1179,14.7375,2.8971652197287145,-0.08309043063427168,0.08309043063427168,0.4526600584774274,0.00655007337793241,0.0,0.0007905393032767655,0.0
1180,14.75,2.896126589345786,-0.09182921254137,0.09182921254137,0.4569408310528192,0.006626503934667225,0.0,0.0008736818566079991,0.0
1181,14.7625,2.894978724189019,0.1705991812349339,0.1705991812349339,0.46290605533106194,0.00673300933868122,0.0,0.001623115403826351,0.0
1182,14.775,2.8971112139544557,-0.5354555573136821,0.5354555573136821,0.46895638599525097,0.0068410342647779706,0.0,0.005094433377985595,0.0
1183,14.7875,2.8904180194880347,-0.6453211552320681,0.6453211552320681,0.4617360920027298,0.006712120364326969,0.0,0.006139717083575905,0.0
1184,14.8,2.882351505047634,0.1657047098056097,0.1657047098056097,0.40519214604294806,0.0057025630487777075,0.0,0.0015765484044244962,0.0
1185,14.8125,2.884422813920204,0.9244677633402532,0.9244677633402532,0.4305885708709864,0.006156000566070531,0.0,0.008795574844829296,0.0
1186,14.825,2.895978660961957,0.0975580862567682,0.0975580862567682,0.39251346724185265,0.005476193050754411,0.0,0.0009281875295351951,0.0
1187,14.8375,2.8971981370401667,0.19507530854163235,0.19507530854163235,0.4764004880342999,0.006973944120000357,0.0,0.0018559862709075228,0.0
1188,14.85,2.899636578396937,-0.2287560886782103,0.2287560886782103,0.4720800059675403,0.006896804574764179,0.0,0.002176432082293245,0.0
1189,14.8625,2.8967771272884595,0.27241271605145556,0.27241271605145556,0.47019493785570116,0.006863147845112353,0.0,0.0025917901388541366,0.0
1190,14.875,2.9001822862391027,-0.48265273996520364,0.48265273996520364,0.46819545971767473,0.006827448394936712,0.0,0.004592056604642706,0.0
1191,14.8875,2.8941491269895376,0.15583018271676963,0.15583018271676963,0.4430388527850015,0.006378292678401792,0.0,0.0014826001397999125,0.0
1192,14.9,2.8960970042734973,0.4441450079088938,0.4441450079088938,0.4396751868970094,0.006318236496495045,0.0,0.004225686188239937,0.0
1193,14.9125,2.9016488168723584,0.777124882028204,0.777124882028204,0.4121017994077969,0.0058259306522229,0.0,0.007393724621571759,0.0
1194,14.925,2.911362877897711,-0.7698327119958392,0.7698327119958392,0.31210738148502654,0.004040591931790721,0.0,0.007324345428651996,0.0
1195,14.9375,2.901739968997763,-0.07260325256186917,0.07260325256186917,0.2467270757774144,0.0028732668574686223,0.0,0.0006907621522449242,0.0
1196,14.95,2.9008324283407396,0.19524171816971858,0.19524171816971858,0.2754904272905991,0.003386818776192241,0.0,0.0018575695260482365,0.0
1197,14.9625,2.903272949817861,-0.2433071293395983,0.2433071293395983,0.33169509913300155,0.0043903185614195045,0.0,0.0023148736508179957,0.0
1198,14.975,2.900231610701116,0.2226323426871346,0.2226323426871346,0.3969183828053952,0.005554840104051933,0.0,0.0021181695140013905,0.0
1199,14.9875,2.9030145149847053,-0.023017493619015283,0.023017493619015283,0.3914473752365608,0.005457158634872708,0.0,0.00021899312868946036,0.0
1200,15.0,2.9027267963144676,0.0968182465663503,0.0968182465663503,0.4972044452616974,0.007345385957933489,0.0,0.0009211485438308866,0.0
1201,15.0125,2.903937024396547,-0.1568058617709056,0.1568058617709056,0.4993551550956399,0.007383785556858275,0.0,0.0014918829493098713,0.0
1202,15.025,2.9019769511244107,-0.5480403846549464,0.5480403846549464,0.501355861715551,0.0074195069408210385,0.0,0.005214167991975162,0.0
1203,15.0375,2.895126446316224,0.3541709151514638,0.3541709151514638,0.46268692015246343,0.006729096815087525,0.0,0.0033696543196064374,0.0
1204,15.05,2.899553582755617,-0.5577926448014736,0.5577926448014736,0.4599847484111035,0.006680851203589155,0.0,0.005306952983974343,0.0
1205,15.0625,2.8925811746955987,-0.6628565981775125,0.6628565981775125,0.4268186992554568,0.006088691831182335,0.0,0.006306552864097463,0.0
1206,15.075,2.88429546721838,0.12271886479389593,0.12271886479389593,0.37961674088105146,0.0052459299479026104,0.0,0.0011675723080567042,0.0
1207,15.0875,2.8858294530283035,0.8673981251303786,0.8673981251303786,0.40883589323838937,0.005767619909856811,0.0,0.008252602667596616,0.0
1208,15.1,2.8966719295924332,0.16285041335216022,0.16285041335216022,0.27148530014475364,0.003315309698762994,0.0,0.001549392045835056,0.0
1209,15.1125,2.8987075597593353,0.2015071004538882,0.2015071004538882,0.26817331015184703,0.003256176158122886,0.0,0.0019171796509191877,0.0
1210,15.125,2.901226398515009,-0.04604510008434204,0.04604510008434204,0.2797497229271318,0.003462865875416747,0.0,0.0004380824730612344,0.0
1211,15.1375,2.9006508347639546,-0.3247942405038273,0.3247942405038273,0.3140295296515148,0.004074910702971425,0.0,0.0030901586456611395,0.0
1212,15.15,2.8965909067576567,-0.2753879095039835,0.2753879095039835,0.2941782142609913,0.0037204776980652348,0.0,0.002620096736149649,0.0
1213,15.1625,2.893148557888857,0.3672277401446067,0.3672277401446067,0.3095644727399792,0.00399518986296159,0.0,0.0034938796155194953,0.0
1214,15.175,2.8977389046406645,0.4465011320471035,0.4465011320471035,0.33868055391417434,0.004515039552448104,0.0,0.004248102833820368,0.0
1215,15.1875,2.9033201687912533,-0.0695654528982459,0.0695654528982459,0.3008446905266743,0.003839503524238435,0.0,0.0006618599066885676,0.0
1216,15.2,2.9024506006300252,-0.1105509194618648,0.1105509194618648,0.29997789103327116,0.003824027353362388,0.0,0.0010518039945257103,0.0
1217,15.2125,2.901068714136752,-0.30223993305551033,0.30223993305551033,0.3278004917790113,0.0043207827467770426,0.0,0.0028755723646661266,0.0
1218,15.225,2.897290714973558,-0.4061493018146578,0.4061493018146578,0.3118316867949332,0.004035669572968439,0.0,0.0038641872912675954,0.0
1219,15.2375,2.892213848700875,0.09434780699905332,0.09434780699905332,0.3097573330101677,0.0039986332642549145,0.0,0.0008976442779435851,0.0
1220,15.25,2.893393196288363,0.3874961019119283,0.3874961019119283,0.32685033868834484,0.004303818348780193,0.0,0.003686716943088851,0.0
1221,15.2625,2.898236897562262,0.5346504013524722,0.5346504013524722,0.3122351371926533,0.004042872931233694,0.0,0.005086772959959774,0.0
1222,15.275,2.904920027579168,-0.07607458621098573,0.07607458621098573,0.28487924456600205,0.00355445032372308,0.0,0.0007237891285581497,0.0
1223,15.2875,2.9039690952515307,0.025942447116023004,0.025942447116023004,0.313102759483413,0.004058363792649575,0.0,0.00024682173280175736,0.0
1224,15.3,2.904293375840481,-0.3898113956879712,0.3898113956879712,0.44918343743382483,0.006488000451319578,0.0,0.0037087451202763096,0.0
1225,15.3125,2.8994207333943813,0.09816152486536112,0.09816152486536112,0.4307702355688508,0.006159244077318163,0.0,0.0009339287675281364,0.0
1226,15.325,2.9006477524551983,-0.3932455862156914,0.3932455862156914,0.44520957520779786,0.0064170495897698035,0.0,0.003741418709357262,0.0
1227,15.3375,2.895732182627502,-0.3097641313361521,0.3097641313361521,0.4629324916278273,0.006733481342471237,0.0,0.00294715912166196,0.0
1228,15.35,2.8918601309858003,0.2746458173232824,0.2746458173232824,0.5079951864763099,0.007538047993603224,0.0,0.002613036319793393,0.0
1229,15.3625,2.8952932037023413,0.39392166272065765,0.39392166272065765,0.5367862069600293,0.008052093924747499,0.0,0.0037478510391107363,0.0
1230,15.375,2.9002172244863496,0.37523935662484575,0.37523935662484575,0.5287371335739582,0.007908382678877238,0.0,0.003570103768674823,0.0
1231,15.3875,2.90490771644416,-0.9113354982180155,0.9113354982180155,0.5282599455551693,0.007899862780821247,0.0,0.00867063179614208,0.0
1232,15.4,2.893516022716435,-0.14943496011849078,0.14943496011849078,0.4349727422210845,0.006234277244218553,0.0,0.001421754687699705,0.0
1233,15.4125,2.891648085714954,0.33290275607331665,0.33290275607331665,0.5009269153085745,0.007411848367019879,0.0,0.0031673047165140804,0.0
1234,15.425,2.8958093701658703,-0.5323546737490403,0.5323546737490403,0.4872380397757571,0.0071674419287845875,0.0,0.00506493093932904,0.0
1235,15.4375,2.8891549367440073,0.6678134159248827,0.6678134159248827,0.4589264844013652,0.006661956551744841,0.0,0.0063537130390846856,0.0
1236,15.45,2.8975026044430683,0.5622036152219678,0.5622036152219678,0.40333320181490256,0.005669372744974781,0.0,0.0053489198561685715,0.0
1237,15.4625,2.904530149633343,-0.2942150095769591,0.2942150095769591,0.35739883024738284,0.004849242843108156,0.0,0.0027992216060149064,0.0
1238,15.475,2.900852462013631,0.3698235850020737,0.3698235850020737,0.3427741642638117,0.0045881284429621135,0.0,0.003518577012913776,0.0
1239,15.4875,2.905475256826157,-0.33417678179567645,0.33417678179567645,0.3202704698232886,0.004186338844382018,0.0,0.003179426057073069,0.0
1240,15.5,2.901298047053711,-0.7184307282873448,0.7184307282873448,0.3417658467691578,0.004570125555370077,0.0,0.006835296472258739,0.0
1241,15.5125,2.892317662950119,0.05108138988788369,0.05108138988788369,0.2628315673541384,0.0031608026317855994,0.0,0.00048599876139913023,0.0
1242,15.525,2.8929561803237176,0.26287332330657165,0.26287332330657165,0.27963067619772264,0.0034607403694138106,0.0,0.002501030410728315,0.0
1243,15.5375,2.8962420968650497,-0.24997597344420086,0.24997597344420086,0.26638193568596363,0.0032241922707902425,0.0,0.002378322393734239,0.0
1244,15.55,2.8931173971969972,0.19110971292988665,0.19110971292988665,0.27734908834464084,0.0034200040240978083,0.0,0.001818256785477539,0.0
1245,15.5625,2.895506268608621,0.06814765188050131,0.06814765188050131,0.26931330717597435,0.003276530102579304,0.0,0.00064837065864644,0.0
1246,15.575,2.896358114257127,0.1319160841459066,0.1319160841459066,0.2687182288437674,0.003265905345615372,0.0,0.0012550765287367592,0.0
1247,15.5875,2.898007065308951,0.4748893375381158,0.4748893375381158,0.2940107088626379,0.003717486992386117,0.0,0.004518194010612104,0.0
1248,15.6,2.9039431820281774,-0.366544706123868,0.366544706123868,0.24175000803716315,0.0027844043795876346,0.0,0.003487381090541983,0.0
1249,15.6125,2.899361373201629,-0.2747951356494127,0.2747951356494127,0.2194021338778876,0.002385396856120519,0.0,0.002614456964801542,0.0
1250,15.625,2.8959264340060114,0.10597428375923812,0.10597428375923812,0.2563615024117412,0.0030452836087707953,0.0,0.0010082609490499805,0.0
1251,15.6375,2.897251112553002,-0.3319539673897509,0.3319539673897509,0.3059829506797033,0.003931243993330835,0.0,0.003158277747473995,0.0
1252,15.65,2.89310168796063,-0.03714898797817057,0.03714898797817057,0.29587129699950515,0.003750706647168161,0.0,0.0003534430481286591,0.0
1253,15.6625,2.892637325610903,0.0456369935884382,0.0456369935884382,0.30268359217447005,0.0038723359801202417,0.0,0.0004341996646262343,0.0
1254,15.675,2.8932077880307583,0.3623042044473479,0.3623042044473479,0.35130430685403397,0.004740428883061616,0.0,0.0034470360927448783,0.0
1255,15.6875,2.89773659058635,-0.03906454387102798,0.03906454387102798,0.3315272940541528,0.00438732250512979,0.0,0.0003716680375692915,0.0
1256,15.7,2.8972482837879623,0.2278351625650643,0.2278351625650643,0.33452917115634123,0.004440919171182239,0.0,0.0021676702034306803,0.0
1257,15.7125,2.9000962233200256,-0.46495564855764115,0.46495564855764115,0.32782479564962624,0.004321216677412037,0.0,0.004423682867684491,0.0
1258,15.725,2.894284277713055,-0.4842161896520025,0.4842161896520025,0.2836306703917279,0.003532157801150621,0.0,0.004606931583827138,0.0
1259,15.7375,2.888231575342405,0.248007061830684,0.248007061830684,0.22629891965684926,0.002508534716748061,0.0,0.002359589767085399,0.0
1260,15.75,2.8913316636152886,-0.18439172425999573,0.18439172425999573,0.254616289270134,0.0030141239034407953,0.0,0.0017543404711441498,0.0
1261,15.7625,2.8890267670620386,0.5064203861656935,0.5064203861656935,0.24693406293494372,0.0028769624856311332,0.0,0.0048181868379852935,0.0
1262,15.775,2.89535702188911,0.1524118829672716,0.1524118829672716,0.17012969708806974,0.0015056678564592584,0.0,0.0014500777388238761,0.0
1263,15.7875,2.8972621704262007,0.13236840937810967,0.13236840937810967,0.17430498658118607,0.0015802150777534656,0.0,0.0012593800432472836,0.0
1264,15.8,2.898916775543427,0.12799806094786703,0.12799806094786703,0.16915360138432714,0.0014882402690904804,0.0,0.0012177996569531285,0.0
1265,15.8125,2.9005167513052754,0.0013562738628181137,0.0013562738628181137,0.2050440921522555,0.002129042867819392,0.0,1.2903866141746553e-05,0.0
1266,15.825,2.9005337047285606,-0.02416752219556173,0.02416752219556173,0.23496298598463597,0.0026632262826646403,0.0,0.0002299347351140684,0.0
1267,15.8375,2.900231610701116,-0.412860185182069,0.412860185182069,0.23531053984650804,0.0026694316427229906,0.0,0.003928036004304072,0.0
1268,15.85,2.8950708583863403,-0.05635708813009899,0.05635708813009899,0.2366661478370826,0.002693635188136588,0.0,0.0005361928304497136,0.0
1269,15.8625,2.894366394784714,0.014250146454237722,0.014250146454237722,0.24367795411508902,0.0028188266689046725,0.0,0.00013557879967080643,0.0
1270,15.875,2.894544521615392,-0.18637139854586593,0.18637139854586593,0.2714803920021323,0.003315222066900643,0.0,0.0017731754960527972,0.0
1271,15.8875,2.8922148791335687,0.05802668278519718,0.05802668278519718,0.31448716691709944,0.004083081534375153,0.0,0.0005520776945107205,0.0
1272,15.9,2.8929402126683836,0.35188721847838167,0.35188721847838167,0.3172760387935099,0.004132875123364546,0.0,0.0033479267637007495,0.0
1273,15.9125,2.8973388028993634,-0.3245274101350759,0.3245274101350759,0.29226042656388657,0.0036862367803786704,0.0,0.003087619967113013,0.0
1274,15.925,2.893282210272675,-0.043492897918895324,0.043492897918895324,0.2877967588108823,0.0036065407429384812,0.0,0.00041380030113972424,0.0
1275,15.9375,2.8927385490486888,0.41901319246782975,0.41901319246782975,0.2874403172690251,0.003600176698830142,0.0,0.003986576970521376,0.0
1276,15.95,2.8979762139545366,-0.17355333387715888,0.17355333387715888,0.2877429956905554,0.003605580835551201,0.0,0.0016512218145613856,0.0
1277,15.9625,2.895806797281072,-0.3387983619105839,0.3387983619105839,0.31777816891041827,0.004141840347214381,0.0,0.003223396712853612,0.0
1278,15.975,2.89157181775719,0.4861469916673755,0.4861469916673755,0.2952138725503637,0.0037389687387009347,0.0,0.004625301627986817,0.0
1279,15.9875,2.897648655153032,0.13214518156448918,0.13214518156448918,0.25012759005304647,0.0029339809446325403,0.0,0.0012572562083013764,0.0
1280,16.0,2.899300469922588,-0.042909109416129354,0.042909109416129354,0.2542002341045263,0.0030066954948113358,0.0,0.0004082460182612427,0.0
1281,16.0125,2.8987641060548865,-0.2908686636661528,0.2908686636661528,0.2546409796595296,0.003014564735130465,0.0,0.002767383788535107,0.0
1282,16.025,2.8951282477590596,-0.01585323458265009,0.01585323458265009,0.24293916317435177,0.0028056360118639823,0.0,0.0001508309070729752,0.0
1283,16.0375,2.8949300823267765,-0.4206718674693377,0.4206718674693377,0.2507093451873762,0.0029443678241074652,0.0,0.004002357942771072,0.0
1284,16.05,2.88967168398341,0.41906589486206514,0.41906589486206514,0.25881784832433224,0.003089140151562125,0.0,0.00398707839184874,0.0
1285,16.0625,2.8949100076691856,-0.06426863398491633,0.06426863398491633,0.28786503714987866,0.0036077598106115504,0.0,0.0006114648912654603,0.0
1286,16.075,2.894106649744374,-0.19909681962236192,0.19909681962236192,0.2933400286667711,0.003705512410728641,0.0,0.0018942477475133313,0.0
1287,16.0875,2.8916179394990946,0.18410304374214093,0.18410304374214093,0.2909601187795983,0.003663020586075083,0.0,0.0017515939058211343,0.0
1288,16.1,2.8939192275458714,-0.060293844596586155,0.060293844596586155,0.28718363767011695,0.003595593842744819,0.0,0.0005736479343699888,0.0
1289,16.1125,2.893165554488414,0.19499704448541877,0.19499704448541877,0.28919753022976874,0.0036315506535371327,0.0,0.0018552416507148194,0.0
1290,16.125,2.895603017544482,0.1758898380525764,0.1758898380525764,0.2824374871768627,0.003510854250029258,0.0,0.0016734517918143375,0.0
1291,16.1375,2.897801640520139,-0.4582759461893815,0.4582759461893815,0.29004802347283337,0.003646735686360485,0.0,0.004360130817033281,0.0
1292,16.15,2.8920731911927717,0.5501391026395552,0.5501391026395552,0.25325399947102845,0.002989801058452874,0.0,0.00523413562291247,0.0
1293,16.1625,2.898949929975766,0.1720093013579671,0.1720093013579671,0.16917091176269253,0.0014885493352304016,0.0,0.0016365315742696827,0.0
1294,16.175,2.9011000462427408,-0.16886352477627042,0.16886352477627042,0.2167504025813396,0.0023380518276853775,0.0,0.0016066020142929756,0.0
1295,16.1875,2.8989892521830374,-0.1281684006170991,0.1281684006170991,0.2135076508323176,0.0022801544932286727,0.0,0.0012194203033068323,0.0
1296,16.2,2.8973871471753236,0.11367280088347087,0.11367280088347087,0.20905478724532844,0.0022006513575156946,0.0,0.001081506211075918,0.0
1297,16.2125,2.898808057186367,-0.08431861438797483,0.08431861438797483,0.2398880134335696,0.002751159613208787,0.0,0.000802224493996524,0.0
1298,16.225,2.8977540745065173,0.2565007001781794,0.2565007001781794,0.2558573994858019,0.0030362831616312586,0.0,0.002440399974593751,0.0
1299,16.2375,2.9009603332587446,-0.22381845651413101,0.22381845651413101,0.24959837239607915,0.002924532089444945,0.0,0.0021294544428583353,0.0
1300,16.25,2.898162602552318,-0.13602464983026863,0.13602464983026863,0.24196105061146753,0.0027881724147179186,0.0,0.0012941662605962388,0.0
1301,16.2625,2.8964622944294396,-0.4200984608565861,0.4200984608565861,0.2438213792991326,0.0028213874371943175,0.0,0.003996902435311565,0.0
1302,16.275,2.8912110636687323,-0.13173127782710736,0.13173127782710736,0.20864446648104995,0.002193325333088716,0.0,0.0012533182437286124,0.0
1303,16.2875,2.8895644226958934,-0.03707068608459707,0.03707068608459707,0.20622926474109293,0.0021502033941487773,0.0,0.0003526980679435966,0.0
1304,16.3,2.889101039119836,0.35165372884701895,0.35165372884701895,0.23211120162079615,0.0026123094299757375,0.0,0.003345705295727954,0.0
1305,16.3125,2.8934967107304237,-0.26541218471006545,0.26541218471006545,0.19603130695912596,0.0019681251414253092,0.0,0.002525185655919768,0.0
1306,16.325,2.890179058421548,-0.2012046675427115,0.2012046675427115,0.17259480026748783,0.0015496807548539937,0.0,0.0019143022425213189,0.0
1307,16.3375,2.887664000077264,0.14163728872805592,0.14163728872805592,0.2022657144594498,0.0020794366460122698,0.0,0.0013475660517626928,0.0
1308,16.35,2.8894344661863647,0.16041329522224146,0.16041329522224146,0.2609033873851279,0.003126376166487358,0.0,0.0015262048068988494,0.0
1309,16.3625,2.8914396323766427,0.22170228671061665,0.22170228671061665,0.25991329287733256,0.003108698639097584,0.0,0.002109320771756677,0.0
1310,16.375,2.8942109109605254,-0.09662866809534876,0.09662866809534876,0.25204056316966744,0.002968135900951072,0.0,0.0009193448555934109,0.0
1311,16.3875,2.8930030526093335,-0.3035375397283957,0.3035375397283957,0.2553131762873554,0.0030265663917462197,0.0,0.00288791805919773,0.0
1312,16.4,2.8892088333627286,-0.009036157039261639,0.009036157039261639,0.2339191403954955,0.0026445890628361878,0.0,8.597184098803955e-05,0.0
1313,16.4125,2.889095881399738,-0.0364576735782407,0.0364576735782407,0.2695086110533424,0.003280017132973191,0.0,0.0003468657419347454,0.0
1314,16.425,2.88864016048001,-0.35980960461376554,0.35980960461376554,0.3387249964744211,0.004515833046978019,0.0,0.003423301961156672,0.0
1315,16.4375,2.8841425404223378,0.48716977326613176,0.48716977326613176,0.3162211138318565,0.004114040088166433,0.0,0.004635032580712817,0.0
1316,16.45,2.8902321625881644,0.14699375295055717,0.14699375295055717,0.3028988022738422,0.003876178423842789,0.0,0.0013985285448218693,0.0
1317,16.4625,2.8920695845000464,0.1300311858020109,0.1300311858020109,0.33720534452337275,0.0044887005977258775,0.0,0.0012371432214695294,0.0
1318,16.475,2.8936949743225715,0.1503997324542894,0.1503997324542894,0.33955190448711836,0.004530596980045205,0.0,0.0014309337284669863,0.0
1319,16.4875,2.89557497097825,-0.09166137727419255,0.09166137727419255,0.3354251848696072,0.00445691694395359,0.0,0.0008720850376462136,0.0
1320,16.5,2.8944292037623227,0.37870234966568717,0.37870234966568717,0.33642430769245574,0.004474755666345841,0.0,0.0036030513907398588,0.0
1321,16.5125,2.899162983133144,-0.581486901314463,0.581486901314463,0.3128888893721041,0.004054545273588263,0.0,0.005532384972862287,0.0
1322,16.525,2.891894396866713,0.10748166515281099,0.10748166515281099,0.2368852571300306,0.002697547249557944,0.0,0.0010226024830575797,0.0
1323,16.5375,2.893237917681123,0.41394386173866593,0.41394386173866593,0.23396557120648853,0.0026454180563581157,0.0,0.003938346324078443,0.0
1324,16.55,2.8984122159528565,-0.44416803470767263,0.44416803470767263,0.196965977827763,0.001984813113887197,0.0,0.004225905269899815,0.0
1325,16.5625,2.8928601155190106,0.17208288993010967,0.17208288993010967,0.11907503948205307,0.0005941184022404496,0.0,0.0016372317109533735,0.0
1326,16.575,2.895011151643137,-0.018345297876294353,0.018345297876294353,0.10774518071907792,0.00039183075492207664,0.0,0.00017454090550288534,0.0
1327,16.5875,2.8947818354196833,-0.11735369349153757,0.11735369349153757,0.2182377895851151,0.002364608206184015,0.0,0.0011165269740639656,0.0
1328,16.6,2.893314914251039,-0.14546686197068226,0.14546686197068226,0.24205972934172315,0.002789934262645715,0.0,0.0013840013926312293,0.0
1329,16.6125,2.8914965784764055,-0.06203515152485295,0.06203515152485295,0.2601766178846414,0.0031134001448553323,0.0,0.0005902150836235787,0.0
1330,16.625,2.890721139082345,0.02354604126733051,0.02354604126733051,0.259522072574439,0.0031017136416398804,0.0,0.00022402183881237248,0.0
1331,16.6375,2.8910154645981865,0.20927298909430903,0.20927298909430903,0.2597248347126535,0.0031053338346857724,0.0,0.0019910658992905016,0.0
1332,16.65,2.8936313769618653,-0.01874545022456431,0.01874545022456431,0.32078609477409875,0.004195545010176325,0.0,0.0001783480365550551,0.0
1333,16.6625,2.8933970588340583,-0.09515141896457635,0.09515141896457635,0.36887056094038273,0.005054063526322706,0.0,0.0009052900060795446,0.0
1334,16.675,2.892207666097001,-0.5371091328888866,0.5371091328888866,0.4015204742399984,0.005637007611037295,0.0,0.005110165833253416,0.0
1335,16.6875,2.88549380193589,-0.3185801743737926,0.3185801743737926,0.35489165639707565,0.004804478798806548,0.0,0.003031036753146514,0.0
1336,16.7,2.8815115497562176,0.3065163736749099,0.3065163736749099,0.3365512083775439,0.004477021399888209,0.0,0.002916259292895503,0.0
1337,16.7125,2.885343004427154,-0.03357125705488073,0.03357125705488073,0.3361718813408727,0.004470248749370869,0.0,0.00031940378644931594,0.0
1338,16.725,2.884923363713968,0.03737224859204247,0.03737224859204247,0.3503568943043383,0.004723513415735216,0.0,0.00035556719514284773,0.0
1339,16.7375,2.8853905168213685,0.5721617032235571,0.5721617032235571,0.3543638210623115,0.004795054624130172,0.0,0.005443663136359228,0.0
1340,16.75,2.892542538111663,0.5154081576077019,0.5154081576077019,0.3282364797801494,0.004328567043903276,0.0,0.004903698328532865,0.0
1341,16.7625,2.8989851400817592,-0.45856231482154897,0.45856231482154897,0.2730105330046399,0.0033425417917037573,0.0,0.004362855386604359,0.0
1342,16.775,2.89325311114649,0.07950718837580695,0.07950718837580695,0.22262348669124501,0.0024429121257658905,0.0,0.0007564476056305362,0.0
1343,16.7875,2.8942469510011875,-0.006507852567132488,0.006507852567132488,0.22127461669741635,0.002418828883132573,0.0,6.191703659466684e-05,0.0
1344,16.8,2.8941656028440983,-0.30316799118942583,0.30316799118942583,0.24670016668735786,0.0028727864122457037,0.0,0.002884402099028862,0.0
1345,16.8125,2.8903760029542305,0.28113054967185747,0.28113054967185747,0.23302631104071683,0.002628648144823585,0.0,0.0026747333859133554,0.0
1346,16.825,2.8938901348251287,0.1548767228967307,0.1548767228967307,0.22893278862458294,0.0025555608243080993,0.0,0.0014735287286147469,0.0
1347,16.8375,2.895826093861338,-0.4297589632344412,0.4297589632344412,0.26292626244916995,0.0031624933543609878,0.0,0.00408881442518568,0.0
1348,16.85,2.8904541068209073,0.0031756436624519324,0.0031756436624519324,0.22122918509538725,0.0024180177298710336,0.0,3.02137214743782e-05,0.0
1349,16.8625,2.890493802366688,-0.1024261789544667,0.1024261789544667,0.24741133270645171,0.0028854838433315516,0.0,0.0009745035563044432,0.0
1350,16.875,2.889213475129757,0.03913190958282797,0.03913190958282797,0.26734140270441353,0.003241322963228887,0.0,0.000372308968690536,0.0
1351,16.8875,2.8897026239995425,0.308594365043966,0.308594365043966,0.26954428253955137,0.0032806540253804595,0.0,0.002936029726585266,0.0
1352,16.9,2.893560053562592,-0.19857780850646378,0.19857780850646378,0.25407329225199465,0.0030044290262496286,0.0,0.001889309769904803,0.0
1353,16.9125,2.8910778309562613,-0.25279649230213863,0.25279649230213863,0.2591795788002233,0.003095598626328861,0.0,0.002405157385391069,0.0
1354,16.925,2.8879178748024845,-0.3971734904543922,0.3971734904543922,0.2435548870590728,0.002816629382447292,0.0,0.0037787895913769737,0.0
1355,16.9375,2.8829532061718046,0.15228207149949213,0.15228207149949213,0.2199434385697757,0.002395061517869196,0.0,0.0014488426860444843,0.0
1356,16.95,2.8848567320655483,0.3133212511490058,0.3133212511490058,0.21543449424316516,0.002314557095104436,0.0,0.0029810022850329954,0.0
1357,16.9625,2.888773247704911,0.30424264415472635,0.30424264415472635,0.18577115432613175,0.0017849364379581183,0.0,0.0028946265665152843,0.0
1358,16.975,2.892576280756845,-0.10484685758754608,0.10484685758754608,0.21470129648901146,0.002301466300963952,0.0,0.0009975343865148984,0.0
1359,16.9875,2.8912656950370006,0.1744231143654318,0.1744231143654318,0.22693908283637668,0.0025199644358818627,0.0,0.0016594970835178012,0.0
1360,17.0,2.8934459839665685,-0.24576345513843023,0.24576345513843023,0.353252835936443,0.0047752186692414786,0.0,0.0023382436354336296,0.0
1361,17.0125,2.890373940777338,0.03264196787323925,0.03264196787323925,0.3739827571268436,0.005145338639351349,0.0,0.0003105623396474446,0.0
1362,17.025,2.8907819653757536,0.2649449882447996,0.2649449882447996,0.3823070193776045,0.005293963212842977,0.0,0.002520740653464909,0.0
1363,17.0375,2.8940937777288136,-0.08651630146665923,0.08651630146665923,0.37115246273899133,0.005094805476942652,0.0,0.0008231337370795285,0.0
1364,17.05,2.8930123239604804,-0.05441884030755517,0.05441884030755517,0.37037445813899206,0.005080914684177341,0.0,0.000517751945362045,0.0
1365,17.0625,2.892332088456636,0.430406071050875,0.430406071050875,0.39136955205120416,0.005455769149848935,0.0,0.004094971140928318,0.0
1366,17.075,2.897712164344772,0.23287436179710852,0.23287436179710852,0.37133082539785267,0.005097990032318436,0.0,0.002215614172664725,0.0
1367,17.0875,2.9006230938672357,-0.785310876693508,0.785310876693508,0.3659049957754057,0.0050011151875355596,0.0,0.007471607844344076,0.0
1368,17.1,2.890806707908567,-0.42544561124781666,0.42544561124781666,0.23837520553480337,0.0027241493602931798,0.0,0.004047776314680483,0.0
1369,17.1125,2.885488637767969,0.22678168701236956,0.22678168701236956,0.18494189757684537,0.0017701305696463077,0.0,0.002157647222166904,0.0
1370,17.125,2.8883234088556238,-0.05440399848062327,0.05440399848062327,0.17144553402086943,0.00152916131414123,0.0,0.000517610737193637,0.0
1371,17.1375,2.887643358874616,-0.05357032364788239,0.05357032364788239,0.1968494608976324,0.0019827327758916427,0.0,0.0005096789848076708,0.0
1372,17.15,2.8869737298290175,0.3618072780203363,0.3618072780203363,0.21854395475462002,0.0023700745966418,0.0,0.00344230823337057,0.0
1373,17.1625,2.8914963208042717,0.25096021784452915,0.25096021784452915,0.25315309107587775,0.0029879994012321845,0.0,0.0023876866956947665,0.0
1374,17.175,2.8946333235273283,0.14909574348184407,0.14909574348184407,0.23768455286507353,0.002711818182420922,0.0,0.001418527311435705,0.0
1375,17.1875,2.8964970203208513,0.014260241793415673,0.014260241793415673,0.30481123561830054,0.003910323742861938,0.0,0.00013567484878668126,0.0
1376,17.2,2.896675273343269,0.0070783511176841785,0.0070783511176841785,0.3361829979618732,0.004470447229789324,0.0,6.734487615730736e-05,0.0
1377,17.2125,2.89676375273224,0.11380008266776542,0.11380008266776542,0.35179497782871916,0.004749189510987609,0.0,0.0010827171959307074,0.0
1378,17.225,2.898186253765587,-0.2789424815451724,0.2789424815451724,0.3900003576311256,0.005431323027107826,0.0,0.00265391565950145,0.0
1379,17.2375,2.8946994727462725,-0.27379514022083384,0.27379514022083384,0.4081607649502928,0.005755565910253265,0.0,0.0026049428043458294,0.0
1380,17.25,2.891277033493512,0.5113753272502919,0.5113753272502919,0.4067266266703885,0.005729960254910137,0.0,0.004865329158020162,0.0
1381,17.2625,2.8976692250841407,-0.04733607647196436,0.04733607647196436,0.36450871885849695,0.0049761855235004315,0.0,0.00045036508570660397,0.0
1382,17.275,2.897077524128241,-0.5599616792533979,0.5599616792533979,0.3642882824599672,0.00497224976742661,0.0,0.0053275896201226735,0.0
1383,17.2875,2.8900780031375737,0.40134312573137265,0.40134312573137265,0.33590947103494806,0.004465563575042741,0.0,0.0038184603517957163,0.0
1384,17.3,2.895094792209216,0.29321611400050074,0.29321611400050074,0.3053962803617087,0.003920769356280065,0.0,0.0027897179097765823,0.0
1385,17.3125,2.898759993634222,-0.4895661743118751,0.4895661743118751,0.28857833880688144,0.0036204953721963888,0.0,0.004657832429005964,0.0
1386,17.325,2.8926404164553237,0.44019127291416993,0.44019127291416993,0.24577571814582388,0.0028562809531357523,0.0,0.004188069547139261,0.0
1387,17.3375,2.898142807366751,-0.25615325332985606,0.25615325332985606,0.21793074664219927,0.002359126143622818,0.0,0.002437094294417315,0.0
1388,17.35,2.8949408917001276,-0.0320184879383234,0.0320184879383234,0.26760512088565264,0.003246031488864905,0.0,0.00030463042438845544,0.0
1389,17.3625,2.8945406606008985,-0.030910791738811838,0.030910791738811838,0.2732845765069347,0.0033474346695852772,0.0,0.00029409157683260936,0.0
1390,17.375,2.8941542757041634,-0.3931804193739197,0.3931804193739197,0.2777221288381075,0.0034266644322596867,0.0,0.0037407986987339245,0.0
1391,17.3875,2.8892395204619894,0.06730547670240838,0.06730547670240838,0.2495316612891517,0.0029233410037348157,0.0,0.0006403580322411562,0.0
1392,17.4,2.8900808389207695,-0.0778475822857061,0.0778475822857061,0.250974733315372,0.0029491061656138867,0.0,0.0007406577748140732,0.0
1393,17.4125,2.889107744142198,-0.23811973257757302,0.23811973257757302,0.2501647106617612,0.0029346437102292723,0.0,0.0022655197000589515,0.0
1394,17.425,2.8861312474849785,0.3007876499546569,0.3007876499546569,0.24130788252294313,0.0027765105009469526,0.0,0.00286175504705271,0.0
1395,17.4375,2.8898910931094117,0.5084918999640564,0.5084918999640564,0.21699802633181067,0.0023424729971766194,0.0,0.0048378956427463865,0.0
1396,17.45,2.8962472418589624,-0.16000267444219674,0.16000267444219674,0.13968441155991868,0.0009620860422223659,0.0,0.0015222980770517468,0.0
1397,17.4625,2.894247208428435,-0.14323563021918062,0.14323563021918062,0.1278026329273482,0.000749944205697897,0.0,0.0013627729986896342,0.0
1398,17.475,2.892456763050695,-0.18889837292544343,0.18889837292544343,0.15440271791741933,0.0012248723335483867,0.0,0.0017972176456743623,0.0
1399,17.4875,2.890095533389127,0.1015291160708287,0.1015291160708287,0.1403463158368392,0.0009739039352543408,0.0,0.0009659687170743029,0.0
1400,17.5,2.8913646473400125,0.053035569666164406,0.053035569666164406,0.23988639927235758,0.002751130793354912,0.0,0.0005045912263629883,0.0
1401,17.5125,2.8920275919608396,0.14791180041026308,0.14791180041026308,0.25359512076992136,0.002995891569062656,0.0,0.001407263035588506,0.0
1402,17.525,2.893876489465968,0.03663883839319482,0.03663883839319482,0.2884000959413108,0.0036173129556559985,0.0,0.000348589380932628,0.0
1403,17.5375,2.894334474945883,-0.19481463891754203,0.19481463891754203,0.2917307289345072,0.003676779355579393,0.0,0.0018535062069405803,0.0
1404,17.55,2.8918992919594135,0.013231818893473246,0.013231818893473246,0.3671622114628752,0.0050235619990016515,0.0,0.00012589022357065762,0.0
1405,17.5625,2.892064689695582,0.28384843896219536,0.28384843896219536,0.3709124901803288,0.0050905209147668684,0.0,0.0027005919389328278,0.0
1406,17.575,2.8956127951826094,-0.05037566717554398,0.05037566717554398,0.35803479386603027,0.004860597581670007,0.0,0.0004792843715823863,0.0
1407,17.5875,2.894983099342915,0.5595492211639552,0.5595492211639552,0.35936758082185744,0.004884393671569374,0.0,0.005323665409739241,0.0
1408,17.6,2.9019774646074645,0.23860590401213244,0.23860590401213244,0.3203337799800369,0.004187469208222195,0.0,0.0022701452342415982,0.0
1409,17.6125,2.904960038407616,-0.41568129761365924,0.41568129761365924,0.3189660672057916,0.0041630495393545205,0.0,0.00395487664334169,0.0
1410,17.625,2.8997640221874454,-0.12961491968294325,0.12961491968294325,0.3323337253697651,0.004401720839387245,0.0,0.0012331827807156004,0.0
1411,17.6375,2.8981438356914087,-0.6599719040305985,0.6599719040305985,0.3308679666368646,0.004375550620338817,0.0,0.006279107295652817,0.0
1412,17.65,2.889894186891026,-0.14939534060651738,0.14939534060651738,0.23458100505421597,0.0026564062485096114,0.0,0.0014213777395824245,0.0
1413,17.6625,2.8880267451334447,0.07397730920100543,0.07397730920100543,0.259031215287815,0.0030929496872290157,0.0,0.0007038352073473436,0.0
1414,17.675,2.8889514614984573,0.10092999583815043,0.10092999583815043,0.2593326434614894,0.0030983315015449477,0.0,0.0009602685649905425,0.0
1415,17.6875,2.890213086446434,0.317560561955581,0.317560561955581,0.2904221969345776,0.003653416322972881,0.0,0.0030213359526505674,0.0
1416,17.7,2.894182593470879,0.22346755668081641,0.22346755668081641,0.26836678280696863,0.0032596304931718704,0.0,0.002126115910278459,0.0
1417,17.7125,2.896975937929389,-0.4923837579582724,0.4923837579582724,0.2568417269259395,0.0030538577215813833,0.0,0.0046846394944615646,0.0
1418,17.725,2.8908211409549107,0.09499093657055369,0.09499093657055369,0.20138877553683524,0.0020637794418750643,0.0,0.000903763143852566,0.0
1419,17.7375,2.8920085276620426,-8.244049741534809e-05,8.244049741534809e-05,0.20003906292268692,0.0020396811547751205,0.0,7.843557060786019e-07,0.0
1420,17.75,2.892007497155825,-0.3447757942269547,0.3447757942269547,0.2608216050845268,0.0031249159939003043,0.0,0.0032802672230037755,0.0
1421,17.7625,2.887697799727988,0.08199169498524839,0.08199169498524839,0.3177449733615798,0.004141247661143314,0.0,0.0007800857082257614,0.0
1422,17.775,2.8887226959153036,0.3833013489678194,0.3833013489678194,0.316480807261181,0.004118676754336867,0.0,0.0036468072080623215,0.0
1423,17.7875,2.8935139627774014,0.04743555253597265,0.04743555253597265,0.29983548997944165,0.0038214848702866977,0.0,0.000451311521267637,0.0
1424,17.8,2.894106907184101,0.03890102181156152,0.03890102181156152,0.30499602626618577,0.003913623066021137,0.0,0.00037011225534534336,0.0
1425,17.8125,2.8945931699567455,-0.19788859208283327,0.19788859208283327,0.3157838429325662,0.004106232885684149,0.0,0.001882752424285282,0.0
1426,17.825,2.89211956255571,0.0684746689852389,0.0684746689852389,0.31585571969103016,0.004107516200919645,0.0,0.0006514819660757724,0.0
1427,17.8375,2.8929754959180256,0.47339018860501625,0.47339018860501625,0.31521048744634783,0.004095995976750808,0.0,0.004503930801912451,0.0
1428,17.85,2.8988928732755883,-0.6183381078554717,0.6183381078554717,0.26775328762861683,0.0032486769147675653,0.0,0.005882994867665518,0.0
1429,17.8625,2.891163646927395,0.017564287393909694,0.017564287393909694,0.21359523151355014,0.002281718192329227,0.0,0.0001671102124870574,0.0
1430,17.875,2.891383200519819,0.25465600643364894,0.25465600643364894,0.21372386952681163,0.0022840149447956757,0.0,0.002422849182084576,0.0
1431,17.8875,2.8945664006002394,0.16498536765425342,0.16498536765425342,0.20407281023667642,0.002111701227672258,0.0,0.0015697044364872757,0.0
1432,17.9,2.8966287176959176,0.2347086808167731,0.2347086808167731,0.25788438932637486,0.0030724738163045284,0.0,0.00223306625792561,0.0
1433,17.9125,2.8995625762061272,-0.19880416623088593,0.19880416623088593,0.24510131819617526,0.0028442399575664286,0.0,0.0018914633834604198,0.0
1434,17.925,2.897077524128241,0.03783260722766357,0.03783260722766357,0.2803724373743284,0.003473984058185822,0.0,0.0003599471410918972,0.0
1435,17.9375,2.897550431718587,-0.05264640334953441,0.05264640334953441,0.30014913751204964,0.0038270848537274287,0.0,0.000500888618656433,0.0
1436,17.95,2.8968923516767178,-0.41688225524893596,0.41688225524893596,0.30503823557660703,0.003914376687251434,0.0,0.003966302799217996,0.0
1437,17.9625,2.891681323486106,-0.027354342126031383,0.027354342126031383,0.267195581227375,0.0032387194106042938,0.0,0.0002602547898817575,0.0
1438,17.975,2.8913393942095307,-0.1805332030175677,0.1805332030175677,0.26703470448427313,0.003235847055480444,0.0,0.0017176297131015802,0.0
1439,17.9875,2.889082729171811,0.4754885304429024,0.4754885304429024,0.27526066892455686,0.003382716582132216,0.0,0.0045238948541131245,0.0
1440,18.0,2.8950263358023474,0.06041976693826001,0.06041976693826001,0.23091648354822333,0.0025909784749157086,0.0,0.0005748459852104278,0.0
1441,18.0125,2.8957815828890756,-0.4333537540768617,0.4333537540768617,0.2894440982104794,0.0036359529729098152,0.0,0.0041230159984149885,0.0
1442,18.025,2.890364660963115,0.30541400598153245,0.30541400598153245,0.2575695358370378,0.00306685230124945,0.0,0.002905771141833761,0.0
1443,18.0375,2.894182336037884,-0.1626105995971372,0.1626105995971372,0.24264723899369028,0.0028004238854874085,0.0,0.0015471104088599565,0.0
1444,18.05,2.89214970354292,-0.023495583657364705,0.023495583657364705,0.23707644818218715,0.002700960847991797,0.0,0.00022354177482037142,0.0
1445,18.0625,2.8918560087472027,0.007790905319318142,0.007790905319318142,0.25040276383718796,0.002938894003000009,0.0,7.412426215647324e-05,0.0
1446,18.075,2.891953395063694,-0.26130338125273767,0.26130338125273767,0.2507346260797102,0.0029448191988632622,0.0,0.0024860936618397982,0.0
1447,18.0875,2.888687102798035,0.21568781774270462,0.21568781774270462,0.31026618801046013,0.004007718556754034,0.0,0.002052097887350157,0.0
1448,18.1,2.891383200519819,0.4972868962215671,0.4972868962215671,0.3431922975258497,0.0045955939547229156,0.0,0.004731288951889408,0.0
1449,18.1125,2.8975992867225884,0.21979289022155513,0.21979289022155513,0.29592705731627844,0.003751702213267419,0.0,0.0020911543841399638,0.0
1450,18.125,2.900346697850358,-0.1832011174892756,0.1832011174892756,0.28925166278211784,0.003632517156905544,0.0,0.0017430127955042852,0.0
1451,18.1375,2.898056683881742,-0.071152544808335,0.071152544808335,0.28291950335646093,0.003519460351921628,0.0,0.0006769598228071938,0.0
1452,18.15,2.8971672770716377,-0.22917778532914213,0.22917778532914213,0.31563721414376666,0.004103614919005488,0.0,0.002180444190234882,0.0
1453,18.1625,2.8943025547550234,-0.037298348890146826,0.037298348890146826,0.3051453701984596,0.003916289509913596,0.0,0.00035486409830723153,0.0
1454,18.175,2.8938363253938966,0.5791869255359572,0.5791869255359572,0.3212501415668263,0.00420383027973796,0.0,0.005510502534227488,0.0
1455,18.1875,2.901076161963096,-0.4675981180360367,0.4675981180360367,0.24756319609642657,0.0028881952705888973,0.0,0.004448823861231337,0.0
1456,18.2,2.8952311854876456,0.07502811819634303,0.07502811819634303,0.18774172210305348,0.0018201197114493597,0.0,0.000713832818440582,0.0
1457,18.2125,2.8961690369651,0.13060828440313088,0.13060828440313088,0.20461448854568462,0.0021213725601244102,0.0,0.0012426338552593511,0.0
1458,18.225,2.897801640520139,-0.06766104571532594,0.06766104571532594,0.20764081159938003,0.0021754056935786386,0.0,0.0006437409883480501,0.0
1459,18.2375,2.8969558774486974,-0.4021565978775854,0.4021565978775854,0.20640468907759785,0.002153335487589336,0.0,0.0038261998917017335,0.0
1460,18.25,2.8919289199752276,-0.02042609354003133,0.02042609354003133,0.16023365994909802,0.001328980210788011,0.0,0.00019433801982417597,0.0
1461,18.2625,2.891673593805977,0.28652193433511997,0.28652193433511997,0.24916195358459936,0.0029167401004655037,0.0,0.0027260281191679287,0.0
1462,18.275,2.895255117985166,-0.012023125632261156,0.012023125632261156,0.2685605004731069,0.003263089202741594,0.0,0.00011439046937152833,0.0
1463,18.2875,2.895104828914763,-0.10160386432012558,0.10160386432012558,0.3134388258630914,0.004064364050791372,0.0,0.000966679887162955,0.0
1464,18.3,2.8938347806107614,0.2420543248050322,0.2420543248050322,0.34373449270510703,0.004605274515574897,0.0,0.0023029542129677197,0.0
1465,18.3125,2.8968604596708243,-0.16443681371708152,0.16443681371708152,0.3429690461342133,0.004591607938681634,0.0,0.0015644853824519156,0.0
1466,18.325,2.8948049994993608,0.021989301031553055,0.021989301031553055,0.38583717692799513,0.005356992000797982,0.0,0.00020921069471334535,0.0
1467,18.3375,2.895079865762255,-0.16218930321134195,0.16218930321134195,0.38784966858447684,0.005392923799327361,0.0,0.0015431021091224628,0.0
1468,18.35,2.8930524994721134,0.540066710661371,0.540066710661371,0.45894241561170324,0.006662240993689408,0.0,0.0051383048313762905,0.0
1469,18.3625,2.8998033333553805,-0.40303762263256715,0.40303762263256715,0.41828795417806264,0.005936380634045601,0.0,0.0038345821409048754,0.0
1470,18.375,2.8947653630724735,-0.4572721254379175,0.4572721254379175,0.3933558856320465,0.005491233912055076,0.0,0.0043505802616754675,0.0
1471,18.3875,2.8890494615044995,0.4118244487390399,0.4118244487390399,0.35878994423864496,0.004874080326287002,0.0,0.003918181796547531,0.0
1472,18.4,2.8941972671137375,-0.23320638328446108,0.23320638328446108,0.34139616895693703,0.004563525185809927,0.0,0.002218773092810896,0.0
1473,18.4125,2.8912821873226817,-0.5262888462183568,0.5262888462183568,0.3428571364588112,0.004589609860380497,0.0,0.005007219419081777,0.0
1474,18.425,2.8847035767449523,-0.11375339964345699,0.11375339964345699,0.29818804634033813,0.003792070779183204,0.0,0.001082273044116474,0.0
1475,18.4375,2.883281659249409,0.7126791518541253,0.7126791518541253,0.3260806213017913,0.004290075519104788,0.0,0.006780574801043993,0.0
1476,18.45,2.8921901486475856,0.07978362030080177,0.07978362030080177,0.20842276576581953,0.0021893670034192135,0.0,0.0007590776353429918,0.0
1477,18.4625,2.8931874439013456,-0.023487155309496188,0.023487155309496188,0.23911607436817542,0.00273737711682657,0.0,0.000223461585799796,0.0
1478,18.475,2.892893854459977,-0.03329815769223643,0.03329815769223643,0.24675115850381193,0.0028736968397098744,0.0,0.00031680546341473646,0.0
1479,18.4875,2.892477627488824,-0.2686416522299595,0.2686416522299595,0.2655209917367478,0.003208820647047766,0.0,0.00255591146855118,0.0
1480,18.5,2.8891196068359495,0.24976507350451982,0.24976507350451982,0.2638411666196351,0.003178828404606271,0.0,0.002376315848695251,0.0
1481,18.5125,2.892241670254756,-0.21886230678237695,0.21886230678237695,0.25959778179592624,0.0031030653831412847,0.0,0.002082300623507926,0.0
1482,18.525,2.8895058914199763,0.39017883181536206,0.39017883181536206,0.26128649420074135,0.0031332163026288017,0.0,0.00371224098253059,0.0
1483,18.5375,2.8943831268176683,-0.0693065299579132,0.0693065299579132,0.2219032824217089,0.0024300533222873155,0.0,0.00065939646102713,0.0
1484,18.55,2.8935167951931944,-0.3409648191859205,0.3409648191859205,0.26382288652367347,0.003178502024756161,0.0,0.003244008829218274,0.0
1485,18.5625,2.8892547349533704,0.17386415409262668,0.17386415409262668,0.23822182478224674,0.0027214108414618595,0.0,0.0016541790214828636,0.0
1486,18.575,2.891428036879528,0.2793400614749686,0.2793400614749686,0.29390854689017043,0.0037156629533148283,0.0,0.0026576983160396177,0.0
1487,18.5875,2.8949197876479653,-0.25505773957203104,0.25505773957203104,0.2774707103389556,0.003422175509868884,0.0,0.002426671353096273,0.0
1488,18.6,2.891731565903315,0.21121877005597867,0.21121877005597867,0.28697691136073855,0.003591902871865321,0.0,0.0020095784562001906,0.0
1489,18.6125,2.8943718005290147,-0.2343879246823377,0.2343879246823377,0.28227545608126337,0.0035079612846528217,0.0,0.002230014518644652,0.0
1490,18.625,2.8914419514704854,0.0017315828937114475,0.0017315828937114475,0.2985232126427935,0.0037980549670007663,0.0,1.6474632805621778e-05,0.0
1491,18.6375,2.891463596256657,0.4095057810679137,0.4095057810679137,0.30589056298211176,0.003929594467915035,0.0,0.0038961215194341465,0.0
1492,18.65,2.8965824185200058,0.11590507630682367,0.11590507630682367,0.26957408054370524,0.0032811860503845812,0.0,0.001102744534724361,0.0
1493,18.6625,2.898031231973841,-0.5170004962651475,0.5170004962651475,0.2664453136986505,0.0032253238461563923,0.0,0.004918848163275911,0.0
1494,18.675,2.8915687257705267,-0.05378623645640346,0.05378623645640346,0.196733632961465,0.001980664739458778,0.0,0.0005117332233031729,0.0
1495,18.6875,2.8908963978148217,0.3286038207032149,0.3286038207032149,0.2152274975997631,0.002310861297577512,0.0,0.0031264037686387384,0.0
1496,18.7,2.895003945573612,-0.15232482541545522,0.15232482541545522,0.18165926442180141,0.0017115211772580166,0.0,0.0014492494555205819,0.0
1497,18.7125,2.8930998852559187,-0.3611524640403374,0.3611524640403374,0.21918887976555412,0.0023815893353413653,0.0,0.0034360781996161088,0.0
1498,18.725,2.8885854794554144,0.18874962955944596,0.18874962955944596,0.17951305304917053,0.0016732018955882219,0.0,0.0017958024709541802,0.0
1499,18.7375,2.8909448498249075,-0.0224537694788296,0.0224537694788296,0.2009814005114761,0.0020565060118014735,0.0,0.00021362974224867722,0.0
1500,18.75,2.890664177706422,-0.004165218073062249,0.004165218073062249,0.24356921884925403,0.0028168852677304427,0.0,3.962873423977994e-05,0.0
1501,18.7625,2.890612112480509,0.09475046336753223,0.09475046336753223,0.26282764321063756,0.003160732568621254,0.0,0.0009014752327547157,0.0
1502,18.775,2.891796493272603,-0.25267169669525913,0.25267169669525913,0.2647179543635557,0.003194482909541045,0.0,0.00240397005453526,0.0
1503,18.7875,2.8886380970639123,-0.03739213819056175,0.03739213819056175,0.28702240225147546,0.0035927150836902078,0.0,0.00035575642883962683,0.0
1504,18.8,2.8881706953365303,0.3788829182461484,0.3788829182461484,0.33127903187739094,0.0043828899369304924,0.0,0.0036047693570411743,0.0
1505,18.8125,2.892906731814607,-0.06229343384060115,0.06229343384060115,0.3139070293696209,0.00407272353591678,0.0,0.0005926724342520646,0.0
1506,18.825,2.8921280638915996,-0.31776582533524333,0.31776582533524333,0.31526255409263804,0.004096925594639445,0.0,0.0030232888703079657,0.0
1507,18.8375,2.888155991074909,0.3898252171397587,0.3898252171397587,0.29761316886932304,0.0037818066961490884,0.0,0.003708876620387489,0.0
1508,18.85,2.893028806289156,0.2793503076070891,0.2793503076070891,0.28231996613578086,0.0035087559842513533,0.0,0.0026577957998303024,0.0
1509,18.8625,2.8965206851342447,-0.13021310580160872,0.13021310580160872,0.30111951663308456,0.0038444103750342345,0.0,0.0012388740454481314,0.0
1510,18.875,2.8948930213117245,-0.40285617602950907,0.40285617602950907,0.3098097404538403,0.003999568966870832,0.0,0.003832855820917501,0.0
1511,18.8875,2.8898573191113557,0.46937157193184476,0.46937157193184476,0.28391850231350624,0.0035372968627662817,0.0,0.004465696863290462,0.0
1512,18.9,2.8957244637605037,-0.23213546637045113,0.23213546637045113,0.2581720138465037,0.0030776091748915277,0.0,0.002208584170878416,0.0
1513,18.9125,2.892822770430873,-0.10345680887443365,0.10345680887443365,0.2540259360693153,0.0030035835107864095,0.0,0.0009843091795590998,0.0
1514,18.925,2.8915295603199427,-0.12016689195615271,0.12016689195615271,0.3082470912137091,0.003971668827514904,0.0,0.0011432923180057363,0.0
1515,18.9375,2.8900274741704908,0.28462505138129757,0.28462505138129757,0.311957934794187,0.004037923653207386,0.0,0.002707980787877605,0.0
1516,18.95,2.893585287312757,-0.40716556154425376,0.40716556154425376,0.31507614094773323,0.004093597302795664,0.0,0.0038738561936002744,0.0
1517,18.9625,2.888495717793454,0.24377930343728593,0.24377930343728593,0.3867291171770681,0.005372917044376032,0.0,0.002319366011482899,0.0
1518,18.975,2.89154295908642,0.19827814799434407,0.19827814799434407,0.3814253321424114,0.005278221230510356,0.0,0.0018864587386769908,0.0
1519,18.9875,2.894021435936349,0.32962744843032965,0.32962744843032965,0.37524815127849975,0.005167931472256332,0.0,0.003136142771602508,0.0
1520,19.0,2.8981417790417283,-0.1920884547433488,0.1920884547433488,0.3610951351914435,0.004915238090405392,0.0,0.0018275687347043738,0.0
1521,19.0125,2.8957406733574365,-0.5045790876255651,0.5045790876255651,0.3675506438180543,0.0050304972193707075,0.0,0.004800668348143249,0.0
1522,19.025,2.889433434762117,-0.1812510762371744,0.1812510762371744,0.3213597968346866,0.004205788106981492,0.0,0.001724459705322548,0.0
1523,19.0375,2.887167796309152,-0.3108909647794533,0.3108909647794533,0.3185010888466446,0.004154747637248451,0.0,0.0029578800448582456,0.0
1524,19.05,2.883281659249409,0.7537076875897952,0.7537076875897952,0.31356984386443065,0.004066703296478519,0.0,0.0071709286577679495,0.0
1525,19.0625,2.8927030053442815,0.1638149572033143,0.1638149572033143,0.18328688444633778,0.0017405813299377377,0.0,0.0015585689127528297,0.0
1526,19.075,2.894750692309323,0.043833232551691026,0.043833232551691026,0.2031417840500339,0.0020950783287617108,0.0,0.0004170383142471,0.0
1527,19.0875,2.895298607716219,-0.1590044896430598,0.1590044896430598,0.2498516899587922,0.002929054918445524,0.0,0.0015128011432938215,0.0
1528,19.1,2.893311051595681,-0.2729985482430308,0.2729985482430308,0.246680126793278,0.002872428612284492,0.0,0.0025973638658047587,0.0
1529,19.1125,2.889898569742643,-0.005403857285877223,0.005403857285877223,0.25788648252968627,0.0030725111891599256,0.0,5.14134003299103e-05,0.0
1530,19.125,2.8898310215265695,0.13497610616724387,0.13497610616724387,0.2804955347956591,0.003476181886797183,0.0,0.0012841902023366374,0.0
1531,19.1375,2.89151822285366,-0.2678022013703796,0.2678022013703796,0.2876077300941734,0.0036031657516717224,0.0,0.0025479247618678514,0.0
1532,19.15,2.8881706953365303,0.22409720784295928,0.22409720784295928,0.27625330031562595,0.003400439404009742,0.0,0.0021321065398519027,0.0
1533,19.1625,2.8909719104345672,0.29701070610233415,0.29701070610233415,0.2838230929983622,0.0035355933882308525,0.0,0.002825820432937241,0.0
1534,19.175,2.8946845442608464,0.4137579155276683,0.4137579155276683,0.2662237448036225,0.0032213678700553825,0.0,0.00393657719390344,0.0
1535,19.1875,2.8998565182049423,-0.11262402746535116,0.11262402746535116,0.22283322383745705,0.0024466568532819253,0.0,0.001071527966879485,0.0
1536,19.2,2.8984487178616254,-0.34606795673262525,0.34606795673262525,0.2377176378094227,0.002712408893716982,0.0,0.0032925611206181637,0.0
1537,19.2125,2.8941228684024676,-0.3121020009928088,0.3121020009928088,0.23865636109537863,0.002729169219593201,0.0,0.00296940209038191,0.0
1538,19.225,2.8902215933900575,-0.22481601409381824,0.22481601409381824,0.22990913214884667,0.0025729928363595876,0.0,0.002138945409122495,0.0
1539,19.2375,2.8874113932138847,0.14317630831126138,0.14317630831126138,0.21741603516118702,0.0023499362872689174,0.0,0.0013622085979590381,0.0
1540,19.25,2.8892010970677755,0.29006353792585315,0.29006353792585315,0.2159281725702055,0.00232337141745375,0.0,0.0027597236580371894,0.0
1541,19.2625,2.8928268912918487,-0.10378647775247885,0.10378647775247885,0.2099876113294179,0.002217306356777382,0.0,0.0009874457165005078,0.0
1542,19.275,2.8915295603199427,0.037843354106641414,0.037843354106641414,0.20916062538947802,0.002202541032367294,0.0,0.0003600493890903091,0.0
1543,19.2875,2.8920026022462757,-0.25985459203504035,0.25985459203504035,0.21431054493027532,0.0022944896726443628,0.0,0.0024723095857433035,0.0
1544,19.3,2.8887544198458377,-0.35119865831443775,0.35119865831443775,0.2324432203220096,0.0026182374193125203,0.0,0.00334137566186973,0.0
1545,19.3125,2.8843644366169072,0.25420161655052453,0.25420161655052453,0.20996157880253188,0.0022168415620497785,0.0,0.002418526024064102,0.0
1546,19.325,2.887541956823789,0.07638341830023876,0.07638341830023876,0.1997602695357461,0.0020347034706298885,0.0,0.0007267274200413436,0.0
1547,19.3375,2.8884967495525418,0.12386041407982162,0.12386041407982162,0.2091693124705787,0.0022026961348478,0.0,0.0011784332407810023,0.0
1548,19.35,2.8900450047285395,0.2527754451141817,0.2527754451141817,0.2070070722897816,0.00216409066868435,0.0,0.002404957138152291,0.0
1549,19.3625,2.893204697792467,0.08943486666915135,0.08943486666915135,0.19089977109988243,0.001876504730455274,0.0,0.0008509015616549168,0.0
1550,19.375,2.894322633625831,-0.1374003605890195,0.1374003605890195,0.19302126873051337,0.0019143827634890362,0.0,0.001307255053330028,0.0
1551,19.3875,2.8926051291184685,-0.36377346940717814,0.36377346940717814,0.18856658657535633,0.0018348471583619316,0.0,0.003461014979228036,0.0
1552,19.4,2.8880579607508787,0.20921904501872035,0.20921904501872035,0.1956109321997741,0.0019606196091110665,0.0,0.001990552664353503,0.0
1553,19.4125,2.8906731988136127,0.1765810509393262,0.1765810509393262,0.18684580720411084,0.0018041237029468677,0.0,0.0016800281321911524,0.0
1554,19.425,2.8928804619503543,0.19135180831806764,0.19135180831806764,0.2307724098295793,0.002588406127440368,0.0,0.0018205601303758403,0.0
1555,19.4375,2.89527235955433,0.09023533545459372,0.09023533545459372,0.2736571848896127,0.00335408736267527,0.0,0.0008585173849345402,0.0
1556,19.45,2.8964003012475126,-0.1123467074581086,0.1123467074581086,0.288668354200251,0.003622102541582001,0.0,0.0010688894877714007,0.0
1557,19.4625,2.894995967404286,-0.12047612206128377,0.12047612206128377,0.2859304891949713,0.003573219648848756,0.0,0.001146234396293169,0.0
1558,19.475,2.89349001587852,0.07266387144067465,0.07266387144067465,0.3217547604882295,0.004212839939658573,0.0,0.0006913388926210481,0.0
1559,19.4875,2.8943983142715286,-0.3924046009307247,0.3924046009307247,0.32404487139888755,0.004253728458916116,0.0,0.003733417403837859,0.0
1560,19.5,2.8894932567598945,0.13020890825160336,0.13020890825160336,0.2974949622440722,0.003779696189688268,0.0,0.0012388341091012936,0.0
1561,19.5125,2.8911208681130396,-0.4218261055235928,0.4218261055235928,0.30766786587501876,0.0039613271159823875,0.0,0.004013339599025119,0.0
1562,19.525,2.8858480417939947,0.45790207705561414,0.45790207705561414,0.2752801752853451,0.0033830648561852424,0.0,0.004356573749844328,0.0
1563,19.5375,2.89157181775719,0.2750849446341874,0.2750849446341874,0.24637017833054978,0.0028668946734572817,0.0,0.002617214266588983,0.0
1564,19.55,2.895010379565117,0.006032425169877342,0.006032425169877342,0.2280837816441955,0.0025404023277890877,0.0,5.73937233741701e-05,0.0
1565,19.5625,2.8950857848797407,-0.434365682290192,0.434365682290192,0.22808115278253355,0.0025403553910838873,0.0,0.004132643689818507,0.0
1566,19.575,2.8896562138511133,-0.1308115456579273,0.1308115456579273,0.26786218262372025,0.0032506211678094655,0.0,0.0012445677242924435,0.0
1567,19.5875,2.888021069530389,-0.14821188169996447,0.14821188169996447,0.31314467696048254,0.004059112203375191,0.0,0.0014101180701800477,0.0
1568,19.6,2.8861684210091396,0.25730228300574254,0.25730228300574254,0.32684991360571986,0.004303810759191839,0.0,0.0024480263970973193,0.0
1569,19.6125,2.8893846995467114,-0.16399553959036695,0.16399553959036695,0.33522412600541307,0.004453327161815859,0.0,0.0015602870104128722,0.0
1570,19.625,2.887334755301832,0.29837397858361925,0.29837397858361925,0.33456558370054956,0.004441569294723483,0.0,0.0028387908853624447,0.0
1571,19.6375,2.891064430034127,-0.07914101460251288,0.07914101460251288,0.3257288140628503,0.004283794217619591,0.0,0.0007529637536705884,0.0
1572,19.65,2.8900751673515956,0.005176542994043132,0.005176542994043132,0.3266768741972792,0.004300721247172394,0.0,4.925068579684524e-05,0.0
1573,19.6625,2.890139874139021,0.5886481452906267,0.5886481452906267,0.32689811204147673,0.0043046713125648025,0.0,0.005600518508581096,0.0
1574,19.675,2.897497975955154,-0.4770609804913306,0.4770609804913306,0.2541357708648994,0.0030055445433868344,0.0,0.004538855464573713,0.0
1575,19.6875,2.8915347136990124,0.30354073927579606,0.30354073927579606,0.22812129358539815,0.002541072080386272,0.0,0.0028879485003442417,0.0
1576,19.7,2.89532897293996,-0.3325045171064289,0.3325045171064289,0.20130127182177293,0.0020622171169580573,0.0,0.003163515789762614,0.0
1577,19.7125,2.8911726664761295,0.1528589484848908,0.1528589484848908,0.2016987243125977,0.002069313386291308,0.0,0.0014543312113371352,0.0
1578,19.725,2.8930834033321906,-0.20578647965070473,0.20578647965070473,0.22708902291047892,0.002522641523519354,0.0,0.0019578945373734296,0.0
1579,19.7375,2.890511072336557,0.1058841762891305,0.1058841762891305,0.2152314907417808,0.002310932592667863,0.0,0.001007403648202035,0.0
1580,19.75,2.891834624540171,-0.03440291797485173,0.03440291797485173,0.2295558247660354,0.0025666847507299006,0.0,0.00032731637805845376,0.0
1581,19.7625,2.8914045880654853,0.09103600369421372,0.09103600369421372,0.2306912928082543,0.0025869578330048773,0.0,0.0008661351058618879,0.0
1582,19.775,2.892542538111663,-0.35668172863097425,0.35668172863097425,0.2508037016899303,0.002946052501322793,0.0,0.0033935427111287625,0.0
1583,19.7875,2.8880840165037758,0.0,0.0,0.22567324504441927,0.00249736368205265,0.0,0.0,0.0
1584,19.8,2.8880840165037758,0.33442583739045517,0.33442583739045517,0.2515519406161262,0.0029594118463224686,0.0,0.003181795622796469,0.0
1585,19.8125,2.8922643394711565,0.3323586159989844,0.3323586159989844,0.2870818738206486,0.003593776911914376,0.0,0.0031621276568699805,0.0
1586,19.825,2.8964188221711438,0.019734169629757048,0.019734169629757048,0.26193856995972553,0.0031448587135288657,0.0,0.00018775491462453636,0.0
1587,19.8375,2.8966654992915157,-0.24936261829935802,0.24936261829935802,0.2655717300324974,0.0032097265480559643,0.0,0.0023724868077929467,0.0
1588,19.85,2.8935484665627738,-0.07324157230300443,0.07324157230300443,0.2896794616010446,0.0036401552412291603,0.0,0.0006968352564468507,0.0
1589,19.8625,2.892632946908986,-0.2928476525417878,0.2928476525417878,0.3639147103504479,0.004965579867587667,0.0,0.0027862122923109876,0.0
1590,19.875,2.888972351252214,0.17728279532779112,0.17728279532779112,0.35994223378520884,0.004894653746157485,0.0,0.0016867046714231758,0.0
1591,19.8875,2.8911883861938112,0.31432423131359855,0.31432423131359855,0.35705426339126767,0.004843090814197152,0.0,0.002990544842875878,0.0
1592,19.9,2.8951174390852312,0.514724808323237,0.514724808323237,0.34452665297731777,0.004619418049145524,0.0,0.004897196804071963,0.0
1593,19.9125,2.9015514991892717,-0.005361611523611032,0.005361611523611032,0.2929264934539546,0.0036981289943035993,0.0,5.101146553172265e-05,0.0
1594,19.925,2.9014844790452265,-0.1253860930495776,0.1253860930495776,0.31897131526429967,0.00416314324020559,0.0,0.0011929488616601825,0.0
1595,19.9375,2.899917152882107,-0.4114225186511433,0.4114225186511433,0.31610998178233973,0.004112055893896343,0.0,0.003914357751717985,0.0
1596,19.95,2.8947743713989675,-0.6273134267662783,0.6273134267662783,0.2806762821182399,0.003479409018874368,0.0,0.005968387882291553,0.0
1597,19.9625,2.886932953564389,0.25051089721191744,0.25051089721191744,0.1959483511686018,0.0019666440168987255,0.0,0.00238341176755754,0.0
1598,19.975,2.890064339779538,0.12191748138800307,0.12191748138800307,0.17850919291560197,0.0016552785914319599,0.0,0.001159947782891579,0.0
1599,19.9875,2.891588308296888,-0.16877992545875742,0.16877992545875742,0.18377940771480544,0.0017493750294279259,0.0,0.0016058066333361474,0.0
1600,20.0,2.8894785592286536,0.04242824468683182,0.04242824468683182,0.17991141071904623,0.0016803143263357013,0.0,0.0004036709731547554,0.0
1601,20.0125,2.890008912287239,0.3571034892461711,0.3571034892461711,0.19345552515681402,0.001922136144413458,0.0,0.003397555427639462,0.0
1602,20.025,2.894472705902816,-0.034412749064678394,0.034412749064678394,0.20280587805794165,0.002089080934241442,0.0,0.000327409913052107,0.0
1603,20.0375,2.8940425465395077,0.009885693882765167,0.009885693882765167,0.2030682151481218,0.0020937648013475622,0.0,9.40545077794452e-05,0.0
1604,20.05,2.894166117713042,-0.2654331992367531,0.2654331992367531,0.20441603461173458,0.00211782928741116,0.0,0.0025253855924125693,0.0
1605,20.0625,2.890848202722583,-0.10253738176590588,0.10253738176590588,0.1925498522497412,0.0019059659126881999,0.0,0.0009755615625321938,0.0
1606,20.075,2.889566485450509,-0.17360467224413867,0.17360467224413867,0.1941859187991598,0.0019351768728653655,0.0,0.0016517102582552475,0.0
1607,20.0875,2.8873964270474572,0.13127308670540572,0.13127308670540572,0.18427273434921965,0.0017581830725220955,0.0,0.0012489589199490554,0.0
1608,20.1,2.889037340631275,0.20556155282896782,0.20556155282896782,0.17879454896620028,0.00166037344789321,0.0,0.0019557545377177914,0.0
1609,20.1125,2.891606860041637,0.39643962178498526,0.39643962178498526,0.16433796705827192,0.001402260085352735,0.0,0.003771807415184348,0.0
1610,20.125,2.8965623553139492,0.04512254344469113,0.04512254344469113,0.08579926770309393,0.0,0.0,0.0004293050810369576,0.0
1611,20.1375,2.897126387107008,-0.06701827039755415,0.06701827039755415,0.2268200587256594,0.0025178393337217334,0.0,0.0006376254928812926,0.0
1612,20.15,2.8962886587270384,-0.18102769516609385,0.18102769516609385,0.2503933436551988,0.002938725811454839,0.0,0.001722334412253909,0.0
1613,20.1625,2.8940258125374623,-0.12480271762754569,0.12480271762754569,0.24439357711895437,0.002831603676707444,0.0,0.0011873985089160522,0.0
1614,20.175,2.892465778567118,0.011168649976980305,0.011168649976980305,0.28822798055961013,0.0036142399415646574,0.0,0.00010626081371760681,0.0
1615,20.1875,2.89260538669183,0.036345896839620195,0.036345896839620195,0.28868322663991636,0.0036223680798285695,0.0,0.0003458022752467396,0.0
1616,20.2,2.8930597104023255,-0.05070863255902225,0.05070863255902225,0.28853856111161746,0.0036197851659564846,0.0,0.0004824522721488039,0.0
1617,20.2125,2.8924258524953377,-0.0008655017933278941,0.0008655017933278941,0.29071675720773305,0.003658675515156705,0.0,8.23456058007253e-06,0.0
1618,20.225,2.892415033722921,0.5955859648634387,0.5955859648634387,0.29088159169603356,0.003661618533382511,0.0,0.005666526338959201,0.0
1619,20.2375,2.899859858283714,-0.30738794481766973,0.30738794481766973,0.2085425572862595,0.002191505807207102,0.0,0.0029245515985039097,0.0
1620,20.25,2.896017508973493,0.09498514798899294,0.09498514798899294,0.1797524020332556,0.0016774753242241403,0.0,0.0009037080701070207,0.0
1621,20.2625,2.8972048233233556,-0.44983653058750406,0.44983653058750406,0.1906401676305424,0.0018718696704649327,0.0,0.00427983649578542,0.0
1622,20.275,2.891581866691012,0.04717871626493064,0.04717871626493064,0.10899894624099958,0.00041421596580813237,0.0,0.0004488679286034054,0.0
1623,20.2875,2.8921716006443234,0.025553697542832765,0.025553697542832765,0.2508892205134313,0.0029475793872239643,0.0,0.00024312309007728226,0.0
1624,20.3,2.892491021863609,-0.11253985427458701,0.11253985427458701,0.2615877605166815,0.003138595227074617,0.0,0.0010707271259755046,0.0
1625,20.3125,2.8910842736851765,0.027707198040545222,0.027707198040545222,0.2700549096432617,0.003289770957694224,0.0,0.00026361193301710435,0.0
1626,20.325,2.8914306136606833,-0.16045505301271135,0.16045505301271135,0.2721114133063292,0.0033264885634831866,0.0,0.0015266020990338455,0.0
1627,20.3375,2.8894249254980244,-0.0710969149618279,0.0710969149618279,0.26913144196061356,0.003273283011215323,0.0,0.0006764305491018656,0.0
1628,20.35,2.8885362140610016,0.20318503428722323,0.20318503428722323,0.27779793218689225,0.0034280178543459917,0.0,0.0019331438556227083,0.0
1629,20.3625,2.891076026989592,0.08154556021377601,0.08154556021377601,0.2683501463483343,0.003259333459453512,0.0,0.0007758410910211679,0.0
1630,20.375,2.892095346492264,0.6408922505179149,0.6408922505179149,0.2697431089653847,0.0032842039487067753,0.0,0.00609757958085412,0.0
1631,20.3875,2.900106499623738,-0.21098586520540863,0.21098586520540863,0.1504398102092332,0.0011541170581650323,0.0,0.002007362551951122,0.0
1632,20.4,2.8974691763086704,-0.2206291027097862,0.2206291027097862,0.1344324074035858,0.0008683147440343638,0.0,0.0020991102802978166,0.0
1633,20.4125,2.894711312524798,-0.098424717710337,0.098424717710337,0.15434171516095815,0.0012237831669186321,0.0,0.0009364328379331928,0.0
1634,20.425,2.893481003553419,-0.11332571834831384,0.11332571834831384,0.15565543337759627,0.0012472387962289863,0.0,0.0010782039970492477,0.0
1635,20.4375,2.892064432074065,0.20730276390150237,0.20730276390150237,0.16797894484676498,0.0014672675003771485,0.0,0.001972320774980395,0.0
1636,20.45,2.8946557166228337,0.0022444378303276835,0.0022444378303276835,0.23824467862172524,0.002721818882684351,0.0,2.13540392689146e-05,0.0
1637,20.4625,2.894683772095713,-0.11245456284068922,0.11245456284068922,0.38232805822218047,0.005294338848449793,0.0,0.0010699156458782858,0.0
1638,20.475,2.893278090060204,-0.09853532394906495,0.09853532394906495,0.5462049042267592,0.008220258961112916,0.0,0.0009374851682464983,0.0
1639,20.4875,2.892046398510841,0.08963548757463968,0.08963548757463968,0.5557775469223346,0.008391172598256868,0.0,0.0008528103098661951,0.0
1640,20.5,2.893166842105524,-0.3076874127918572,0.3076874127918572,0.5554561059060227,0.00838543346696656,0.0,0.0029274007978865664,0.0
1641,20.5125,2.8893207494456257,-0.11377792521173546,0.11377792521173546,0.5491811508762183,0.008273398011224092,0.0,0.0010825063853750442,0.0
1642,20.525,2.887898525380479,0.21154010072343965,0.21154010072343965,0.548573568854562,0.008262550008589192,0.0,0.0020126356617055294,0.0
1643,20.5375,2.890542776639522,0.5208869779127667,0.5208869779127667,0.5524421305769852,0.008331620794528047,0.0,0.004955824942315969,0.0
1644,20.55,2.8970538638634316,0.8457652009867545,0.8457652009867545,0.5219096984641081,0.007786483031716254,0.0,0.00804678261527779,0.0
1645,20.5625,2.907625928875766,-1.1090385273213244,1.1090385273213244,0.4381529731318151,0.006291058307629791,0.0,0.010551618736394755,0.0
1646,20.575,2.8937629472842494,-0.3067576961689866,0.3067576961689866,0.23678798960312045,0.0026958105977963674,0.0,0.0029185552843216654,0.0
1647,20.5875,2.889928476082137,-0.07195103915123013,0.07195103915123013,0.24724909306072376,0.0028825871544210665,0.0,0.0006845568608377368,0.0
1648,20.6,2.8890290880927467,0.1980382566730654,0.1980382566730654,0.25938611467945,0.003099286197195334,0.0,0.0018841763637207156,0.0
1649,20.6125,2.89150456630116,-0.08723306718390944,0.08723306718390944,0.27517355474816785,0.003381161212188206,0.0,0.0008299531922972024,0.0
1650,20.625,2.890414152961361,0.2807561072157583,0.2807561072157583,0.2744296455612683,0.0033678791720158966,0.0,0.0026711708640188092,0.0
1651,20.6375,2.893923604301558,0.09435385246376882,0.09435385246376882,0.25992951985691204,0.003108988361819719,0.0,0.0008977017957278557,0.0
1652,20.65,2.8951030274573553,0.26837498263994064,0.26837498263994064,0.293961330551543,0.003716605373065973,0.0,0.002553374319684706,0.0
1653,20.6625,2.8984577147403545,-0.37774415724317834,0.37774415724317834,0.3463081968966871,0.004651226418127251,0.0,0.003593934952609584,0.0
1654,20.675,2.893735912774815,-0.3668906923750015,0.3668906923750015,0.3326162825104866,0.0044067657230371935,0.0,0.003490672874298867,0.0
1655,20.6875,2.8891497791201273,0.2331722363150135,0.2331722363150135,0.33651570118419133,0.004476387440828663,0.0,0.002218448211579326,0.0
1656,20.7,2.892064432074065,0.32670136372541236,0.32670136372541236,0.326877984506196,0.0043043119478239494,0.0,0.0031083034049474508,0.0
1657,20.7125,2.8961481991206326,0.06586933316373944,0.06586933316373944,0.3082562968673046,0.003971833188787788,0.0,0.0006266942697140126,0.0
1658,20.725,2.8969715657851793,-0.12976051471937922,0.12976051471937922,0.33113416574712395,0.004380303441433868,0.0,0.0012345680015862356,0.0
1659,20.7375,2.895349559351187,0.3996272238067178,0.3996272238067178,0.3295384811020871,0.004351813475278121,0.0,0.0038021349109278193,0.0
1660,20.75,2.900344899648771,-0.5832271927238963,0.5832271927238963,0.3187521422132532,0.00415923004042267,0.0,0.005548942460262581,0.0
1661,20.7625,2.8930545597397224,-0.26138944423493626,0.26138944423493626,0.3315364897857355,0.0043874866892512476,0.0,0.0024869124826049074,0.0
1662,20.775,2.8897871916867857,-0.3943128024431175,0.3943128024431175,0.33404907095648645,0.004432347277927658,0.0,0.0037515724222028316,0.0
1663,20.7875,2.8848582816562467,0.05674934959014166,0.05674934959014166,0.30372430806100686,0.0038909173210370726,0.0,0.000539924885981949,0.0
1664,20.8,2.8855676485261235,0.1100709020955648,0.1100709020955648,0.4488398810591398,0.0064818664639319,0.0,0.0010472370114036006,0.0
1665,20.8125,2.886943534802318,0.34837034659258137,0.34837034659258137,0.4882608489424208,0.007185703556251313,0.0,0.0033144665273162305,0.0
1666,20.825,2.8912981641347253,-0.09167327634841627,0.09167327634841627,0.849957474388758,0.013643573944153761,0.0,0.000872198247865184,0.0
1667,20.8375,2.89015224818037,0.32211870345449256,0.32211870345449256,1.960095633312085,0.033464406759900166,0.0,0.0030647030405002744,0.0
1668,20.85,2.8941787319735512,0.6377006237129379,0.6377006237129379,2.006759781272846,0.034297566369616256,0.0,0.00606721379250201,0.0
1669,20.8625,2.902149989769963,0.2858376174281574,0.2858376174281574,3.9715213943312806,0.06937717438254747,0.0,0.0027195173885492386,0.0
1670,20.875,2.905722959987815,0.027567629069444877,0.027567629069444877,8.567156694524936,0.1514294110659747,0.0,0.00026228404536108327,0.0
1671,20.8875,2.906067555351183,0.9364244533625055,0.9364244533625055,9.717541854542919,0.1719688292880691,0.0,0.008909333232257713,0.0
1672,20.9,2.9177728610182143,0.5546593060018523,0.5546593060018523,10.518414853193839,0.18626792322093674,0.0,0.005277141759592976,0.0
1673,20.9125,2.9247061023432375,1.99839793626289,1.99839793626289,15.280659793530354,0.27129487237255445,1.0,0.019013165537156068,0.0
1674,20.925,2.9496860765465236,4.99647690450729,4.99647690450729,15.302646963078637,0.27168743973744053,1.0,0.047537500296676194,0.0
1675,20.9375,3.0121420378528647,-1.25882480240751,1.25882480240751,15.80407101116327,0.28064005716347273,1.0,0.011976715906347496,0.0
1676,20.95,2.996406727822771,9.714619962338134,9.714619962338134,16.72473842542299,0.2970780065756844,1.0,0.09242687561012256,0.0
1677,20.9625,3.1178394773519975,21.472476249534793,21.472476249534793,16.381769090333872,0.2909545004182867,1.0,0.2042935183312511,1.0
1678,20.975,3.3862454304711824,-12.97213655895483,12.97213655895483,14.637560947677299,0.2598127387253196,1.0,0.12341955287805927,0.0
1679,20.9875,3.224093723484247,-11.42490006037768,11.42490006037768,13.971574624461963,0.24792196327190463,1.0,0.10869882927303491,0.0
1680,21.0,3.081282472729526,-31.356016146180714,31.356016146180714,13.815111568457896,0.24512841181169256,1.0,0.29832753264745415,1.0
1681,21.0125,2.689332270902267,-3.0615546899732493,3.0615546899732493,8.249332551573332,0.1457548568209776,0.0,0.02912825572186759,0.0
1682,21.025,2.6510628372776015,12.237076164323142,12.237076164323142,8.432919424893766,0.1490326873270284,0.0,0.1164260383685942,0.0
1683,21.0375,2.8040262893316408,-15.529660616593937,15.529660616593937,7.275194215052425,0.12836221703791095,0.0,0.14775235836728318,0.0
1684,21.05,2.6099055316242166,-1.8808790642257378,1.8808790642257378,4.793434381715221,0.08405192435045027,0.0,0.0178950670207211,0.0
1685,21.0625,2.586394543321395,-5.313557379988474,5.313557379988474,4.747477229815621,0.08323138771979045,0.0,0.05055426860869612,0.0
1686,21.075,2.519975076071539,-3.981203690306181,3.981203690306181,4.828414791527921,0.08467647801447012,0.0,0.037877983872662634,0.0
1687,21.0875,2.4702100299427117,9.785071419558271,9.785071419558271,4.887233590259712,0.08572665142461267,0.0,0.09309716514262943,0.0
1688,21.1,2.59252342268719,0.8678638946351214,0.8678638946351214,4.55202809497437,0.07974176384322008,0.0,0.008257034093658033,0.0
1689,21.1125,2.603371721370129,5.820159530642002,5.820159530642002,5.091226651788903,0.0893688218478542,0.0,0.05537418479108938,0.0
1690,21.125,2.676123715503154,-2.0641220340132094,2.0641220340132094,6.890303142077162,0.12149022408064263,0.0,0.01963847800752616,0.0
1691,21.1375,2.650322190077989,-1.2485420726620688,1.2485420726620688,7.993478376984664,0.14118673817829336,0.0,0.011878883918395427,0.0
1692,21.15,2.634715414169713,-0.17297705254872398,0.17297705254872398,8.095651096618269,0.14301096913361153,0.0,0.0016457389564705717,0.0
1693,21.1625,2.632553201012854,-5.868073520488011,5.868073520488011,8.096801553991508,0.1430315098411562,0.0,0.05583004826250158,0.0
1694,21.175,2.559202282006754,4.519035843788508,4.519035843788508,7.873200895090317,0.1390392578480623,0.0,0.04299502867130147,0.0
1695,21.1875,2.6156902300541103,-8.39254928965218,8.39254928965218,8.003710352891764,0.1413694238036808,0.0,0.07984842559500477,0.0
1696,21.2,2.510783363933458,6.507704670558461,6.507704670558461,7.5015796579820515,0.1324041896339874,0.0,0.06191562947649817,0.0
1697,21.2125,2.592129672315439,14.363835334644612,14.363835334644612,7.387557901933557,0.13036840143426737,0.0,0.13666045886574757,0.0
1698,21.225,2.7716776139984964,-11.645426276445292,11.645426276445292,11.102710109065928,0.19670015500090413,0.0,0.11079696066883543,0.0
1699,21.2375,2.6261097855429303,-3.835338084973614,3.835338084973614,10.474356672590476,0.18548129155271972,0.0,0.036490188754363065,0.0
1700,21.25,2.57816805948076,-0.4230258538791887,0.4230258538791887,11.681948201984708,0.2070420942523121,1.0,0.00402475424956791,0.0
1701,21.2625,2.5728802363072703,-2.422201948580245,2.422201948580245,12.17222565389259,0.21579569607158572,1.0,0.023045323344809437,0.0
1702,21.275,2.542602711950017,-6.082629496010092,6.082629496010092,12.14207098844902,0.21525730309989338,1.0,0.05787137757212648,0.0
1703,21.2875,2.466569843249891,-2.8547201606721018,2.8547201606721018,12.204187973124228,0.21636636358787775,1.0,0.027160389826371017,0.0
1704,21.3,2.4308858412414898,5.36364942871689,5.36364942871689,12.515374599556688,0.22192240906513255,1.0,0.0510308545765288,0.0
1705,21.3125,2.497931459100451,27.49314542959855,27.49314542959855,14.573245608807254,0.2586644279777028,1.0,0.26157539282071063,1.0
1706,21.325,2.8415957769704328,5.210735137157663,5.210735137157663,11.080650849110572,0.19630630050621833,0.0,0.049575996819895246,0.0
1707,21.3375,2.9067299661849035,-15.124680060740268,15.124680060740268,11.44385771578195,0.20279113532065846,1.0,0.14389929076345317,0.0
1708,21.35,2.71767146542565,-9.681955353980278,9.681955353980278,10.807906374457891,0.19143661596285264,0.0,0.09211609786428697,0.0
1709,21.3625,2.5966470235008967,-0.039324721761140324,0.039324721761140324,13.134140806252416,0.2329700984327734,1.0,0.00037414342307887864,0.0
1710,21.375,2.5961554644788825,-7.0069188053130205,7.0069188053130205,14.63847821123095,0.25982911590089797,1.0,0.06666525456884911,0.0
1711,21.3875,2.5085689794124697,-8.347970140505865,8.347970140505865,14.996662381976623,0.26622427357431966,1.0,0.07942429047814736,0.0
1712,21.4,2.4042193526561464,21.788249696873407,21.788249696873407,14.89336939290285,0.26438004089840156,1.0,0.20729785131095535,1.0
1713,21.4125,2.676572473867064,-6.251698244097774,6.251698244097774,22.555098261939108,0.40117548907940037,1.0,0.05947993212285935,0.0
1714,21.425,2.598426245815842,9.622900295802062,9.622900295802062,25.070002522101348,0.44607755508587743,1.0,0.09155423599655078,0.0
1715,21.4375,2.7187124995133676,-10.74930849774244,10.74930849774244,25.547799188821298,0.45460832017565855,1.0,0.1022711133598015,0.0
1716,21.45,2.584346143291587,-23.222807229786113,23.222807229786113,26.214663931131415,0.4665147792607728,1.0,0.22094652425586944,1.0
1717,21.4625,2.2940610529192607,-18.282140558793678,18.282140558793678,25.0029638157417,0.44488062028973707,1.0,0.173940013903303,0.0
1718,21.475,2.0655342959343397,11.576511443899022,11.576511443899022,25.110808093797946,0.4468061134261597,1.0,0.11014129089686903,0.0
1719,21.4875,2.2102406889830775,6.707395892779751,6.707395892779751,25.467873585016015,0.4531812977658906,1.0,0.0638155324915656,0.0
1720,21.5,2.2940831376428243,52.631624245423865,52.631624245423865,27.367439680950795,0.4870968799908088,1.0,0.5007480072457395,1.0
1721,21.5125,2.9519784407106227,31.57949147397357,31.57949147397357,20.076323694440966,0.356918496474124,1.0,0.30045372249367747,1.0
1722,21.525,3.3467220841352923,-16.91390982523881,16.91390982523881,17.35679286228134,0.30836294910533335,1.0,0.1609223876547734,0.0
1723,21.5375,3.135298211319807,-19.79131441360657,19.79131441360657,17.039012563489422,0.3026891776707929,1.0,0.18829860175271054,0.0
1724,21.55,2.887906781149725,6.54335785547584,6.54335785547584,16.470183099287976,0.2925330780718544,1.0,0.0622548411492387,0.0
1725,21.5625,2.969698754343173,19.42865234208398,19.42865234208398,17.11253306097874,0.3040018408537967,1.0,0.1848481608396251,0.0
1726,21.575,3.2125569086192227,16.688164421565084,16.688164421565084,15.95223576228403,0.2832854475029954,1.0,0.15877459984363945,0.0
1727,21.5875,3.4211589638887863,-29.118765730151885,29.118765730151885,14.901112362871514,0.2645182868563597,1.0,0.2770418759040459,1.0
1728,21.6,3.0571743922618877,-1.6565077299615538,1.6565077299615538,10.90653114548687,0.19319750048190434,0.0,0.015760352386189815,0.0
1729,21.6125,3.0364680456373683,-13.522579812895117,13.522579812895117,10.98883514723154,0.1946669877214297,0.0,0.12865658225847829,0.0
1730,21.625,2.8674357979761793,14.093894812052099,14.093894812052099,9.966882065209168,0.1764206451184986,0.0,0.13409218967966355,0.0
1731,21.6375,3.0436094831268306,-15.466350044557977,15.466350044557977,8.63219666730618,0.1525906597055927,0.0,0.147150008672796,0.0
1732,21.65,2.850280107569856,14.676184229457299,14.676184229457299,6.819053810251485,0.120218111161184,0.0,0.13963220995428557,0.0
1733,21.6625,3.033732410438072,-8.399573575413797,8.399573575413797,4.582174795578165,0.08028001460760577,0.0,0.07991525608233786,0.0
1734,21.675,2.9287377407453996,4.364564404911491,4.364564404911491,3.501055816767302,0.060977301372594266,0.0,0.04152535589750761,0.0
1735,21.6875,2.9832947958067932,-4.814217845080435,4.814217845080435,3.2041030525247973,0.05567539273454433,0.0,0.045803450433709716,0.0
1736,21.7,2.923117072743288,-4.14253883311563,4.14253883311563,2.7173244438082578,0.04698426060463928,0.0,0.0394129593255162,0.0
1737,21.7125,2.8713353373293424,3.3961870481724077,3.3961870481724077,2.3037510779890673,0.03960016298124261,0.0,0.0323120162257578,0.0
1738,21.725,2.9137876754314975,-0.21568630763063368,0.21568630763063368,1.9759715369848754,0.033747861238036886,0.0,0.002052083519835928,0.0
1739,21.7375,2.9110915965861146,3.8839912735774007,3.8839912735774007,2.0342239542289886,0.03478792225569299,0.0,0.03695308511351572,0.0
1740,21.75,2.959641487505832,-3.371206231897297,3.371206231897297,1.501880494065573,0.025283257777995522,0.0,0.03207434364490027,0.0
1741,21.7625,2.917501409607116,0.8008520761642401,0.8008520761642401,1.0247496969593237,0.016764381379891318,0.0,0.0076194699857229705,0.0
1742,21.775,2.927512060559169,-1.7664933504683589,1.7664933504683589,0.9921551817312834,0.01618242639361117,0.0,0.016806778011164848,0.0
1743,21.7875,2.9054308936783144,0.34249022415824726,0.34249022415824726,0.8451456426130516,0.01355766165260955,0.0,0.0032585218432300313,0.0
1744,21.8,2.9097120214802925,-0.7402453344766613,0.7402453344766613,0.8431789181511383,0.013522546999139726,0.0,0.007042845084614183,0.0
1745,21.8125,2.9004589547993342,0.5582493629935215,0.5582493629935215,0.9741013802119217,0.015860086891336077,0.0,0.005311298294000771,0.0
1746,21.825,2.9074370718367533,-1.3839614269106448,1.3839614269106448,1.3317814787442441,0.022246244665972584,0.0,0.013167291273377926,0.0
1747,21.8375,2.89013755400037,0.16128109991694117,0.16128109991694117,1.2399071797861005,0.02060588566644103,0.0,0.0015344612777522483,0.0
1748,21.85,2.892153567749332,1.3117800279360026,1.3117800279360026,5.068583517405349,0.08896454263500723,0.0,0.012480542722198557,0.0
1749,21.8625,2.908550818098532,0.33977014824827734,0.33977014824827734,18.035567014177822,0.32048204336062724,1.0,0.0032326424862654207,0.0
1750,21.875,2.9127979449516355,-0.9796391059883547,0.9796391059883547,18.05804299205999,0.3208833380971355,1.0,0.009320486250931508,0.0
1751,21.8875,2.900552456126781,-0.30122383693448995,0.30122383693448995,21.308325870603664,0.37891513623114287,1.0,0.002865905018938803,0.0
1752,21.9,2.8967871581651,1.5656773749864428,1.5656773749864428,22.757083301752154,0.40478180751214304,1.0,0.014896173864183352,0.0
1753,21.9125,2.9163581253524304,2.628647868552605,2.628647868552605,24.02896114955609,0.42749040281691386,1.0,0.025009491931895386,0.0
1754,21.925,2.949216223709338,0.1586584067986152,0.1586584067986152,27.170751096147544,0.4835851264988542,1.0,0.0015095084405284751,0.0
1755,21.9375,2.9511994537943207,13.90148783622152,13.90148783622152,27.174272259972877,0.48364799470938985,1.0,0.13226159047037317,0.0
1756,21.95,3.1249680517470897,48.97397141381919,48.97397141381919,27.85755187461419,0.495847531225951,1.0,0.4659483522306842,1.0
1757,21.9625,3.7371426944198296,-2.5700889469320387,2.5700889469320387,21.873068820544972,0.3889982736358731,1.0,0.02445235040855531,0.0
1758,21.975,3.705016582583179,-32.00897327962874,32.00897327962874,26.24030219180416,0.4669725346080657,1.0,0.3045398999851279,1.0
1759,21.9875,3.30490441658782,-22.601138196124815,22.601138196124815,24.45484468888625,0.4350942910034333,1.0,0.21503183828074782,1.0
1760,22.0,3.0223901891362597,-21.87465231345307,21.87465231345307,31.233141263265008,0.5561165998902923,1.0,0.20811990342683404,1.0
1761,22.0125,2.7489570352180963,-35.96914954835967,35.96914954835967,32.34699651046503,0.5760037990269345,1.0,0.3422178246803989,1.0
1762,22.025,2.2993426658636005,1.247411052009717,1.247411052009717,29.803120663895797,0.5305844631960088,1.0,0.011868123157238257,0.0
1763,22.0375,2.314935304013722,22.227648385785876,22.227648385785876,30.171822940533318,0.5371674151693966,1.0,0.21147838005225558,1.0
1764,22.05,2.5927809088360454,-4.189680356946823,4.189680356946823,29.16387112969174,0.5191710566365128,1.0,0.039861473397719664,0.0
1765,22.0625,2.54040990437421,-41.080213157996006,41.080213157996006,29.127930742672735,0.5185293631709644,1.0,0.39084552625953345,1.0
1766,22.075,2.02690723989926,17.333843415086925,17.333843415086925,25.259989828649168,0.4494696613835751,1.0,0.16491772147368505,0.0
1767,22.0875,2.2435802825878466,59.418590719306756,59.418590719306756,24.514390005985288,0.43615743595137857,1.0,0.5653205904742725,1.0
1768,22.1,2.986312666579181,-32.32727910681955,32.32727910681955,12.646306452190265,0.22426011662022013,1.0,0.3075683265432227,1.0
1769,22.1125,2.5822216777439366,-5.381659939259329,5.381659939259329,5.455007283578395,0.09586390088495278,0.0,0.05120221024705779,0.0
1770,22.125,2.514950928503195,13.358862987468498,13.358862987468498,5.8819278215298265,0.10348630404290808,0.0,0.12709894699146285,0.0
1771,22.1375,2.6819367158465512,3.9507202478949566,3.9507202478949566,4.269841505639821,0.07470349615997034,0.0,0.03758795818449022,0.0
1772,22.15,2.731320718945238,-0.8906077356300912,0.8906077356300912,4.632026941497779,0.08117009395659164,0.0,0.008473423635471105,0.0
1773,22.1625,2.720188122249862,-2.1516987369398777,2.1516987369398777,4.630120598910339,0.08113605738428624,0.0,0.02047170062036419,0.0
1774,22.175,2.6932918880381136,-1.888909027847987,1.888909027847987,4.567203402878219,0.08001270961557456,0.0,0.017971465732327396,0.0
1775,22.1875,2.6696805251900138,1.5358773407242765,1.5358773407242765,4.56556759176166,0.07998350321599372,0.0,0.014612650260521587,0.0
1776,22.2,2.688878991949067,-1.9176222515620367,1.9176222515620367,4.596321186390939,0.08053258969926655,0.0,0.0182446491987803,0.0
1777,22.2125,2.6649087138045418,8.226908725163717,8.226908725163717,4.714030015281105,0.08263420831278404,0.0,0.07827248748221,0.0
1778,22.225,2.767745072869088,-6.894562567903719,6.894562567903719,3.710490998653819,0.06471663750165241,0.0,0.06559627441117845,0.0
1779,22.2375,2.6815630407702917,-6.434376994312743,6.434376994312743,3.2067626906184015,0.055722878933969135,0.0,0.06121797500957951,0.0
1780,22.25,2.6011333283413824,0.8074202922299634,0.8074202922299634,2.9623872882689337,0.05135970669696823,0.0,0.007681961332954314,0.0
1781,22.2625,2.611226081994257,-0.021183885786193457,0.021183885786193457,5.617098517594303,0.09875793999576335,0.0,0.0002015478098052433,0.0
1782,22.275,2.6109612834219296,1.8570033411228692,1.8570033411228692,6.379119521819271,0.11236335550681907,0.0,0.01766790852168709,0.0
1783,22.2875,2.6341738251859654,-2.147791264048955,2.147791264048955,10.112511887843382,0.17902077587179063,0.0,0.020434524126354194,0.0
1784,22.3,2.6073264343853535,-3.5276847069608763,3.5276847069608763,10.184255602231465,0.18030171568728712,0.0,0.0335631117703064,0.0
1785,22.3125,2.5632303755483425,-0.21758423916626413,0.21758423916626413,14.411218285465305,0.25577152995259717,1.0,0.0020701408275474306,0.0
1786,22.325,2.5605105725587642,-4.433921630514952,4.433921630514952,19.33042260830811,0.34360089216831247,1.0,0.04218523468724582,0.0
1787,22.3375,2.5050865521773273,-5.416687109200851,5.416687109200851,22.670560436555995,0.4032369950651449,1.0,0.05153546588564279,0.0
1788,22.35,2.4373779633123167,-13.522587992451989,13.522587992451989,34.54979445175668,0.6153333990143426,1.0,0.12865666008045057,0.0
1789,22.3625,2.268345613406667,8.551690458346926,8.551690458346926,41.38269509034693,0.7373306298233937,1.0,0.08136252713067191,0.0
1790,22.375,2.3752417441360034,-22.271199066819136,22.271199066819136,44.51222340681647,0.7932064296545128,1.0,0.2118927301137302,1.0
1791,22.3875,2.096851755800764,-4.0326580852334715,4.0326580852334715,45.8336750531045,0.8168001345863122,1.0,0.038367531480080735,0.0
1792,22.4,2.046443529735346,29.05439315817315,29.05439315817315,46.00118444014762,0.8197909114810277,1.0,0.27642942212550914,1.0
1793,22.4125,2.40962344421251,36.4404109315031,36.4404109315031,44.84087961507385,0.7990743837513656,1.0,0.34670150159298185,1.0
1794,22.425,2.865128580856299,33.79307975546972,33.79307975546972,43.11361195704961,0.7682350839736262,1.0,0.32151425286326973,1.0
1795,22.4375,3.2875420777996704,73.94060040632463,73.94060040632463,41.42626636327451,0.7381085680550677,1.0,0.7034859523880233,1.0
1796,22.45,4.2117995828787285,-65.82988406696082,65.82988406696082,32.138963026143195,0.5722894893442375,1.0,0.6263189429616512,1.0
1797,22.4625,3.3889260320417183,-47.15523350718463,47.15523350718463,22.199906006359566,0.3948337502078008,1.0,0.44864450885692153,1.0
1798,22.475,2.7994856132019104,38.09341410159714,38.09341410159714,14.69767629318562,0.2608860611792896,1.0,0.36242851088184014,1.0
1799,22.4875,3.2756532894718746,-11.80372565826751,11.80372565826751,5.946686375108382,0.10464252811605856,0.0,0.11230305327251562,0.0
1800,22.5,3.1281067187435307,0.9601457421816662,0.9601457421816662,4.259116631521238,0.07451201014071618,0.0,0.009135022412019786,0.0
1801,22.5125,3.1401085405208016,-10.608296729110407,10.608296729110407,4.309691207853641,0.07541498803959677,0.0,0.10092949863380667,0.0
1802,22.525,3.0075048314069215,-0.8878681787736298,0.8878681787736298,2.158760183465159,0.037011439895684395,0.0,0.008447358932808452,0.0
1803,22.5375,2.996406479172251,-1.196488698826066,1.196488698826066,2.167441123588452,0.03716643273282295,0.0,0.011383637503478594,0.0
1804,22.55,2.9814503704369253,-3.599540891933657,3.599540891933657,2.609640925037507,0.04506163772620731,0.0,0.034246766169144946,0.0
1805,22.5625,2.9364561092877546,-3.0171080427583874,3.0171080427583874,2.4978383986181183,0.04306547250413622,0.0,0.028705381255409685,0.0
1806,22.575,2.8987422587532747,2.416468769256568,2.416468769256568,2.2821432158206187,0.039214367915913186,0.0,0.022990776707446953,0.0
1807,22.5875,2.928948118368982,-1.2425395412830653,1.2425395412830653,2.124657949830282,0.036402565526231154,0.0,0.011821774610644443,0.0
1808,22.6,2.9134163741029435,2.0949440220280025,2.0949440220280025,2.144158145005687,0.03675072949603919,0.0,0.019931724687617013,0.0
1809,22.6125,2.9396031743782935,1.1092417564097445,1.1092417564097445,2.0675615259487614,0.035383144057798625,0.0,0.010553552299390383,0.0
1810,22.625,2.9534686963334154,-1.04343368689225,1.04343368689225,2.607235204293835,0.04501868506461432,0.0,0.009927440904501412,0.0
1811,22.6375,2.9404257752472622,-4.281469732893655,4.281469732893655,3.0758750016265175,0.053385959893492554,0.0,0.04073477624084258,0.0
1812,22.65,2.8869074035860915,2.8962841532809946,2.8962841532809946,22.709375460758757,0.40393001340640095,1.0,0.027555838128992788,0.0
1813,22.6625,2.923110955502104,0.9245479311084637,0.9245479311084637,25.5531751856565,0.45470430528672967,1.0,0.008796337577326197,0.0
1814,22.675,2.9346678046409598,-0.5359769424890359,0.5359769424890359,25.555411263279794,0.45474422907493395,1.0,0.005099393942879972,0.0
1815,22.6875,2.927968092859847,1.4865552420914696,1.4865552420914696,32.484697047454,0.5784623572706614,1.0,0.014143389754929203,0.0
1816,22.7,2.94655003338599,1.3446049820469952,1.3446049820469952,32.60942713778052,0.5806893361809735,1.0,0.012792846030231873,0.0
1817,22.7125,2.9633575956615776,4.6274545108047604,4.6274545108047604,36.31788560261188,0.6469015771031763,1.0,0.04402654598118856,0.0
1818,22.725,3.021200777046637,4.732378554164498,4.732378554164498,36.283536697945735,0.6462882985744461,1.0,0.04502481472888206,0.0
1819,22.7375,3.0803555089736934,63.78376593938565,63.78376593938565,39.783703369568265,0.7087816178679317,1.0,0.606851757791858,1.0
1820,22.75,3.877652583216014,-33.26230130200944,33.26230130200944,32.790110878241755,0.5839153330385892,1.0,0.31646431840523676,1.0
1821,22.7625,3.461873816940896,1.330056769108161,1.330056769108161,30.69732907562515,0.54655000342076,1.0,0.012654431365236212,0.0
1822,22.775,3.478499526554748,-56.724767524590796,56.724767524590796,32.57021863751391,0.5799892925670378,1.0,0.5396910071968068,1.0
1823,22.7875,2.769439932497363,-8.19532881601397,8.19532881601397,26.436324396190678,0.47047239028826987,1.0,0.07797202978586382,0.0
1824,22.8,2.6669983222971885,-45.24069599021704,45.24069599021704,27.56350035871839,0.4905974225895267,1.0,0.4304292084522018,1.0
1825,22.8125,2.1014896224194755,1.2095869475728094,1.2095869475728094,22.90186689129788,0.4073668292950468,1.0,0.011508256913431748,0.0
1826,22.825,2.1166094592641356,46.39374477958096,46.39374477958096,23.149514410631216,0.41178842316467923,1.0,0.4413995497975251,1.0
1827,22.8375,2.6965312690088976,-2.8205209247699514,2.8205209247699514,16.342090345267714,0.2902460608731965,1.0,0.02683501132109303,0.0
1828,22.85,2.661274757449273,6.5922542172097565,6.5922542172097565,16.33203106598435,0.2900664586396188,1.0,0.06272005110714636,0.0
1829,22.8625,2.743677935164395,-30.817431572974208,30.817431572974208,16.176622599108306,0.2872917362185023,1.0,0.29320332917410413,1.0
1830,22.875,2.3584600405022176,17.94937588330619,17.94937588330619,11.976691140422437,0.21230454781220234,1.0,0.1707740229136439,0.0
1831,22.8875,2.582827239043545,23.53936808748543,23.53936808748543,10.161928653700087,0.17990308177801279,0.0,0.22395834881833707,1.0
1832,22.9,2.877069340137113,-12.834025647960168,12.834025647960168,5.83973355783913,0.102732951462714,0.0,0.1221055375032538,0.0
1833,22.9125,2.7166440195376107,-9.628041509783216,9.628041509783216,4.052014170457771,0.07081432330464724,0.0,0.09160315055491368,0.0
1834,22.925,2.5962935006653205,1.3002883956472644,1.3002883956472644,2.6467278201683127,0.045723801387670626,0.0,0.012371208988894919,0.0
1835,22.9375,2.6125471056109113,2.3077940519358364,2.3077940519358364,2.7198311086132256,0.047029015560250007,0.0,0.021956823282741806,0.0
1836,22.95,2.6413945312601093,1.7438048784051574,1.7438048784051574,2.7350162935567863,0.0473001376810628,0.0,0.016590915260661067,0.0
1837,22.9625,2.6631920922401737,1.9437552386247603,1.9437552386247603,3.7861668628057368,0.06606778342838737,0.0,0.018493283767495424,0.0
1838,22.975,2.6874890327229832,-0.8771550140964024,0.8771550140964024,3.775175352110798,0.06587153677735057,0.0,0.008345431699128531,0.0
1839,22.9875,2.676524595046778,-0.8963272100188036,0.8963272100188036,3.909187980761062,0.06826424968999538,0.0,0.008527839881287228,0.0
1840,23.0,2.665320504921543,4.82108502526188,4.82108502526188,4.2285326673139165,0.07396595230410959,0.0,0.04586878618651151,0.0
1841,23.0125,2.7255840677373167,-4.1701292361037545,4.1701292361037545,6.519006166046708,0.11486094534831855,0.0,0.03967546004658432,0.0
1842,23.025,2.6734574522860197,-2.19755654181494,2.19755654181494,10.68763890632363,0.18928931442213787,0.0,0.02090800112860564,0.0
1843,23.0375,2.645987995513333,-2.447156782733231,2.447156782733231,11.399625115854251,0.2020013895028739,1.0,0.023282748726458042,0.0
1844,23.05,2.6153985357291676,-7.607812993879826,7.607812993879826,11.894102822447987,0.21082998428157576,1.0,0.07238228443072983,0.0
1845,23.0625,2.5203008733056698,1.7644545437880765,1.7644545437880765,11.989475261513967,0.21253280041735303,1.0,0.016787380388595764,0.0
1846,23.075,2.5423565551030207,-3.001302176837477,3.001302176837477,13.07051511350682,0.231834100891783,1.0,0.0285550010234453,0.0
1847,23.0875,2.5048402778925523,4.646859720750527,4.646859720750527,15.218448651393421,0.27018413076110614,1.0,0.04421117110628856,0.0
1848,23.1,2.562926024401934,-14.838412442580129,14.838412442580129,17.824125182721538,0.3167068797398984,1.0,0.14117568226024158,0.0
1849,23.1125,2.3774458688696822,-24.314922369562844,24.314922369562844,17.052991326545012,0.30293875987213303,1.0,0.23133713043165452,1.0
1850,23.125,2.0735093392501467,11.429605149561972,11.429605149561972,21.53239323621772,0.38291572098503357,1.0,0.10874359445113317,0.0
1851,23.1375,2.2163794036196713,9.906281324032662,9.906281324032662,21.287497287648094,0.37854325471600636,1.0,0.0942503808944552,0.0
1852,23.15,2.3402079201700796,8.723617329627018,8.723617329627018,38.137377244811034,0.6793874792945341,1.0,0.08299827444836914,0.0
1853,23.1625,2.4492531367904173,14.827005298600682,14.827005298600682,47.11402979901267,0.8396600796836918,1.0,0.14106715236594386,0.0
1854,23.175,2.634590703022926,22.25107473669965,22.25107473669965,46.882314441612806,0.8355229447487771,1.0,0.21170126313263346,1.0
1855,23.1875,2.9127291372316715,26.652943151895485,26.652943151895485,46.2490340987839,0.824216114423366,1.0,0.25358153699210734,1.0
1856,23.2,3.245890926630365,2.2403305665119433,2.2403305665119433,45.28817240608099,0.8070605209352631,1.0,0.0213149619232987,0.0
1857,23.2125,3.2738950587117643,-44.428943406354264,44.428943406354264,45.284437650544916,0.8069938391763368,1.0,0.42270602881308567,1.0
1858,23.225,2.718533266132336,6.836997309855768,6.836997309855768,42.48912983629915,0.7570853404823995,1.0,0.06504858680572506,0.0
1859,23.2375,2.803995732505533,90.04748985064559,90.04748985064559,42.432851328950406,0.7560805224097004,1.0,0.8567301835476273,1.0
1860,23.25,3.929589355638603,-78.72915333996396,78.72915333996396,28.054271831977495,0.49935984485563506,1.0,0.7490452216199455,1.0
1861,23.2625,2.9454749388890535,6.752548713245297,6.752548713245297,3.509712601857406,0.06113186293649836,0.0,0.06424512563435394,0.0
1862,23.275,3.0298817978046197,-4.825381672360116,4.825381672360116,2.5864466161390824,0.04464751763200361,0.0,0.045909665363301634,0.0
1863,23.2875,2.9695645269001183,-2.5966549939668937,2.5966549939668937,1.9936877151358534,0.034064172683096194,0.0,0.024705105198167505,0.0
1864,23.3,2.937106339475532,-1.5208381217748368,1.5208381217748368,1.7853547857911507,0.030344516594019034,0.0,0.014469564064200767,0.0
1865,23.3125,2.9180958629533467,-3.331351011736956,3.331351011736956,3.119418101683283,0.05416339511591704,0.0,0.03169515295185671,0.0
1866,23.325,2.8764539753066347,2.9172373037427946,2.9172373037427946,7.192869587717179,0.12689236154117434,0.0,0.02775519067586348,0.0
1867,23.3375,2.9129194416034196,0.7160986967879168,0.7160986967879168,9.717039552557903,0.1719598609956201,0.0,0.006813109048957351,0.0
1868,23.35,2.9218706753132686,0.6977835113876552,0.6977835113876552,10.260118080467427,0.1816561934935104,0.0,0.006638854639692855,0.0
1869,23.3625,2.9305929692056143,0.7549188888587466,0.7549188888587466,12.869934736590423,0.22825286184957663,1.0,0.007182452273664216,0.0
1870,23.375,2.9400294553163486,1.2509936621419726,1.2509936621419726,17.54373287847222,0.31170064791129637,1.0,0.011902208840706809,0.0
1871,23.3875,2.9556668760931233,0.6665022153025291,0.6665022153025291,19.062653936642413,0.33882004752143746,1.0,0.006341238008945367,0.0
1872,23.4,2.963998153784405,7.393183972304449,7.393183972304449,22.91518575842283,0.4076046294611404,1.0,0.07034026014605621,0.0
1873,23.4125,3.0564129534382105,18.631981334946097,18.631981334946097,22.796609169586162,0.4054875175284486,1.0,0.1772684703973444,0.0
1874,23.425,3.2893127201250367,18.707703000820075,18.707703000820075,22.974743894472635,0.40866800328355324,1.0,0.17798890176983842,0.0
1875,23.4375,3.5231590076352877,9.343774409563856,9.343774409563856,23.376324081524544,0.4158379700896594,1.0,0.08889857538739458,0.0
1876,23.45,3.639956187754836,-21.986552222221256,21.986552222221256,23.221682899861644,0.4130769470732607,1.0,0.20918454198074532,1.0
1877,23.4625,3.36512428497707,-33.73052991023826,33.73052991023826,22.05435892365026,0.3922350967248878,1.0,0.3209191408787502,1.0
1878,23.475,2.943492661099092,-21.127770339501772,21.127770339501772,21.105589959770935,0.37529541145899303,1.0,0.20101391600072122,1.0
1879,23.4875,2.6793955318553198,-35.97515713769283,35.97515713769283,20.114289351174246,0.3575963498825504,1.0,0.34227498211055735,1.0
1880,23.5,2.2297060676341593,3.361008710346134,3.361008710346134,15.594303791337044,0.27689479270158635,1.0,0.031977322345086705,0.0
1881,23.5125,2.271718676513486,20.307103869133094,20.307103869133094,15.548964777870719,0.27608529255178654,1.0,0.19320592782740847,0.0
1882,23.525,2.5255574748776497,-22.33579002295972,22.33579002295972,13.980461962325837,0.24808064121352924,1.0,0.212507261643722,1.0
1883,23.5375,2.246360099590653,5.445948339354629,5.445948339354629,11.700704709711905,0.20737698014095554,1.0,0.051813863197128725,0.0
1884,23.55,2.314434453832586,7.784215135271104,7.784215135271104,11.568449075781366,0.2050156372864588,1.0,0.07406061038099242,0.0
1885,23.5625,2.411737143023475,28.463276131882864,28.463276131882864,11.342460491895764,0.20098075036408863,1.0,0.2708054141795711,1.0
1886,23.575,2.7675280946720107,-10.931255551900456,10.931255551900456,5.469973695908205,0.09613111695554385,0.0,0.10400219474100704,0.0
1887,23.5875,2.630887400273255,-1.7301237388317148,1.7301237388317148,3.9076315581009413,0.06823646072238904,0.0,0.016460750108502613,0.0
1888,23.6,2.6092608535378585,0.018411047359343513,0.018411047359343513,4.843435147314091,0.08494465721223722,0.0,0.00017516645949416593,0.0
1889,23.6125,2.6094909916298503,6.468582200479744,6.468582200479744,5.428247588441196,0.09538612301626916,0.0,0.061543410317174925,0.0
1890,23.625,2.690348269135847,-5.523849033095054,5.523849033095054,6.665683392402223,0.11747977684969643,0.0,0.05255502628515502,0.0
1891,23.6375,2.621300156222159,-2.244669204025058,2.244669204025058,6.376090629669612,0.11230927650373937,0.0,0.02135624060545989,0.0
1892,23.65,2.5932417911718457,4.378718214539532,4.378718214539532,6.329852196619178,0.11148371777144284,0.0,0.041660018128966164,0.0
1893,23.6625,2.64797576885359,-4.5068510014758445,4.5068510014758445,8.000780858937661,0.14131711949413855,0.0,0.042879099596450615,0.0
1894,23.675,2.591640131335142,1.5113322667316709,1.5113322667316709,12.282108063777835,0.2177575787960198,1.0,0.014379123420609076,0.0
1895,23.6875,2.6105317846692877,8.276929697094069,8.276929697094069,16.84047418653569,0.2991443972797413,1.0,0.07874839721088982,0.0
1896,23.7,2.7139934058829636,6.9322724851311435,6.9322724851311435,16.71485491152564,0.29690154252477613,1.0,0.06595505425458555,0.0
1897,23.7125,2.800646811947103,-12.710871777144028,12.710871777144028,23.453248762573278,0.41721141287262825,1.0,0.12093382645918237,0.0
1898,23.725,2.6417609147328025,-0.5463343120615249,0.5463343120615249,23.01869202998688,0.40945267016450837,1.0,0.005197936069369303,0.0
1899,23.7375,2.6349317358320334,-0.5818219158561533,0.5818219158561533,27.153526023370762,0.48327758343765653,1.0,0.005535572369537858,0.0
1900,23.75,2.6276589618838315,-14.516779855599147,14.516779855599147,27.15518163227184,0.48330714331448155,1.0,0.13811560423101332,0.0
1901,23.7625,2.446199213688842,-26.73973034737056,26.73973034737056,30.983864911483447,0.5516659242209022,1.0,0.25440724807003157,1.0
1902,23.775,2.11195258434671,32.62353849472696,32.62353849472696,37.84163056305653,0.6741071045161796,1.0,0.3103869987816227,1.0
1903,23.7875,2.519746815530797,-5.897965437204675,5.897965437204675,46.99682686983077,0.8375674935977552,1.0,0.056114446054574794,0.0
1904,23.8,2.4460222475657387,47.04683224463093,47.04683224463093,47.51277731746591,0.846779470937318,1.0,0.44761315713664074,1.0
1905,23.8125,3.0341076506236253,-0.09329176217296009,0.09329176217296009,44.772385257814335,0.7978514592053078,1.0,0.0008875968520886945,0.0
1906,23.825,3.0329415035964633,-40.7422240804852,40.7422240804852,44.77841751501881,0.7979591614409173,1.0,0.3876298292435122,1.0
1907,23.8375,2.5236637025903983,1.0285079388009066,1.0285079388009066,42.39998130465947,0.7554936483788571,1.0,0.009785434293066806,0.0
1908,23.85,2.5365200518254096,44.62627992950992,44.62627992950992,42.3984235896909,0.7554658363378797,1.0,0.4245835287410038,1.0
1909,23.8625,3.0943485509442836,67.01437255986572,67.01437255986572,39.35351834773923,0.7011009293617543,1.0,0.6375884080585642,1.0
1910,23.875,3.932028207942605,-85.31117817269244,85.31117817269244,31.425120883315248,0.5595442777180113,1.0,0.8116679482768627,1.0
1911,23.8875,2.8656384807839497,20.612718816024973,20.612718816024973,8.821255603250176,0.15596619051817479,0.0,0.196113610762045,0.0
1912,23.9,3.123297465984262,-13.79217931636699,13.79217931636699,4.971603183536684,0.08723301852823266,0.0,0.13122160691909798,0.0
1913,23.9125,2.9508952245296745,-2.080925552352042,2.080925552352042,1.0218879463838406,0.016713286586634207,0.0,0.019798350108065018,0.0
1914,23.925,2.924883655125274,-1.0689896695002332,1.0689896695002332,0.7092067831460214,0.011130557075578845,0.0,0.010170585735154574,0.0
1915,23.9375,2.911521284256521,-0.0330850912453684,0.0330850912453684,0.6097921731526232,0.009355570468476845,0.0,0.00031477830578451434,0.0
1916,23.95,2.911107720615954,0.2992122773279249,0.2992122773279249,1.6126655833609709,0.027261257287111824,0.0,0.002846766630586081,0.0
1917,23.9625,2.914847874082553,-1.2793197698402992,1.2793197698402992,1.6625114441725257,0.02815122441936588,0.0,0.012171709206434142,0.0
1918,23.975,2.8988563769595492,0.4557897629898022,0.4557897629898022,3.5775190212514065,0.06234250477584053,0.0,0.004336476763017545,0.0
1919,23.9875,2.9045537489969218,-0.3201239790232435,0.3201239790232435,10.069001246853658,0.17824392018600851,0.0,0.0030457248254390284,0.0
1920,24.0,2.900552199259131,0.9184467203498414,0.9184467203498414,15.618588462037048,0.2773283805339306,1.0,0.008738289413831946,0.0
1921,24.0125,2.9120327832635042,-0.0023334090101556626,0.0023334090101556626,20.039154348572545,0.35625486070554263,1.0,2.2200529219394067e-05,0.0
1922,24.025,2.9120036156508773,0.3061319632465498,0.3061319632465498,22.493355356192186,0.4000731075401917,1.0,0.0029126019336799063,0.0
1923,24.0375,2.915830265191459,4.2227769225727485,4.2227769225727485,22.580838187584863,0.4016350595921454,1.0,0.04017636087310099,0.0
1924,24.05,2.9686149767236185,1.181338280461972,1.181338280461972,26.693678988859077,0.4750672979712848,1.0,0.011239493333247731,0.0
1925,24.0625,2.983381705229393,9.05064878540717,9.05064878540717,27.1088932085237,0.4824806920290793,1.0,0.08610971841644738,0.0
1926,24.075,3.096514815046983,26.625117734985615,26.625117734985615,29.01527217960022,0.5165179139418989,1.0,0.25331680030065684,1.0
1927,24.0875,3.429328786734303,33.77198002576449,33.77198002576449,33.09574709361964,0.5893722793463514,1.0,0.32131350573158235,1.0
1928,24.1,3.851478537056359,-35.522707611521085,35.522707611521085,30.942159354321177,0.5509212971946567,1.0,0.3379702850418652,1.0
1929,24.1125,3.4074446919123456,-28.89751945819924,28.89751945819924,31.34665684653043,0.5581433506868491,1.0,0.2749368937497004,1.0
1930,24.125,3.046225698684855,-5.624896565318345,5.624896565318345,29.643852160364048,0.5277408221987671,1.0,0.05351641311528524,0.0
1931,24.1375,2.9759144916183757,-40.48577284168772,40.48577284168772,29.619185629860297,0.5273004164949098,1.0,0.385189899854582,1.0
1932,24.15,2.4698423310972792,-13.420592549510317,13.420592549510317,26.018198692078553,0.4630070134695769,1.0,0.12768625463442013,0.0
1933,24.1625,2.3020849242284003,30.624592613746096,30.624592613746096,25.588843798145625,0.4553411463855009,1.0,0.29136861998666697,1.0
1934,24.175,2.6848923319002265,-52.31096006221115,52.31096006221115,23.24754798268939,0.4135387521903746,1.0,0.49769714280746774,1.0
1935,24.1875,2.031005331122587,6.103821216878558,6.103821216878558,14.252390514962018,0.25293575797202084,1.0,0.05807299992650242,0.0
1936,24.2,2.107303096333569,38.25477899061813,38.25477899061813,14.10428419468456,0.25029141087920315,1.0,0.363963769346217,1.0
1937,24.2125,2.5854878337162956,2.0560239415194914,2.0560239415194914,10.487774632422413,0.18572086095804055,0.0,0.019561431103941887,0.0
1938,24.225,2.6111881329852893,4.465977287822902,4.465977287822902,11.31525428655696,0.2004950003308727,1.0,0.04249021874859756,0.0
1939,24.2375,2.6670128490830756,6.025101577864156,6.025101577864156,11.265765148749216,0.19961140226805674,0.0,0.05732404522611631,0.0
1940,24.25,2.7423266188063775,1.6883170150517657,1.6883170150517657,12.684916809803116,0.2249494807656187,1.0,0.016062992412014598,0.0
1941,24.2625,2.7634305814945246,-4.810629377774873,4.810629377774873,19.66132206522505,0.34950889808780355,1.0,0.04576930902389976,0.0
1942,24.275,2.7032977142723387,-6.155788178496735,6.155788178496735,20.08383130365279,0.35705254021078636,1.0,0.05856742419795516,0.0
1943,24.2875,2.6263503620411295,-1.912645151410004,1.912645151410004,24.107166524419092,0.42888671159883673,1.0,0.01819729605285854,0.0
1944,24.3,2.6024422976485044,-27.42131996074356,27.42131996074356,26.59254308027822,0.4732615786384821,1.0,0.2608920306612813,1.0
1945,24.3125,2.25967579813921,12.188508402581597,12.188508402581597,24.82177233417984,0.44164555802761457,1.0,0.11596395477803165,0.0
1946,24.325,2.41203215317148,-3.317353112643282,3.317353112643282,27.95034927795769,0.49750437168551215,1.0,0.031561974085019935,0.0
1947,24.3375,2.370565239263439,17.55616842316133,17.55616842316133,28.39395343933642,0.5054246506601442,1.0,0.16703296694350034,0.0
1948,24.35,2.5900173445529555,42.52216106209033,42.52216106209033,28.362619391552165,0.5048652005434356,1.0,0.4045645127031294,1.0
1949,24.3625,3.1215443578290847,12.549251406316522,12.549251406316522,25.461616127538832,0.4530695747181691,1.0,0.11939613728879299,0.0
1950,24.375,3.278410000408041,-38.2132871148038,38.2132871148038,25.114401802311836,0.44687027687741104,1.0,0.36356900717748686,1.0
1951,24.3875,2.8007439114729937,-31.807564644251798,31.807564644251798,35.55613763777974,0.6333010365422462,1.0,0.3026236571510327,1.0
1952,24.4,2.4031493534198463,4.856445516701946,4.856445516701946,34.383367308359965,0.612361944913109,1.0,0.0462052131138143,0.0
1953,24.4125,2.4638549223786206,38.33239988155707,38.33239988155707,35.03521810915943,0.6240003393233934,1.0,0.3647022703333245,1.0
1954,24.425,2.943009920898084,14.524509248747783,14.524509248747783,32.43268274093583,0.5775336738764041,1.0,0.13818914325383258,0.0
1955,24.4375,3.1245662865074313,-17.146187459058595,17.146187459058595,32.205675043535464,0.5734805913101547,1.0,0.1631323244357597,0.0
1956,24.45,2.910238943269199,-23.64275614219096,23.64275614219096,31.6692311546421,0.563902716203964,1.0,0.2249420038567109,1.0
1957,24.4625,2.614704491491812,-4.122859123652418,4.122859123652418,30.549935122201756,0.5439183751991967,1.0,0.03922572255602328,0.0
1958,24.475,2.5631687524461566,80.79790392546464,80.79790392546464,30.515683973525878,0.5433068420434404,1.0,0.7687277366103126,1.0
1959,24.4875,3.5731425515144646,-18.855698304680644,18.855698304680644,10.732245696078161,0.19008574116872337,0.0,0.1793969592742836,0.0
1960,24.5,3.3374463227059565,-19.636434172601263,19.636434172601263,8.442165239895886,0.14919776565708062,0.0,0.18682503955209329,0.0
1961,24.5125,3.0919908955484408,-8.041896245425484,8.041896245425484,4.948133987770588,0.08681399049837829,0.0,0.07651224101684334,0.0
1962,24.525,2.991467192480622,-9.673372255930737,9.673372255930737,7.156648534953784,0.12624565696169218,0.0,0.09203443651892812,0.0
1963,24.5375,2.870550039281488,4.457501510037218,4.457501510037218,9.222099766214008,0.16312301606768972,0.0,0.04240957847011693,0.0
1964,24.55,2.9262688081569532,1.3588930626686846,1.3588930626686846,9.378605012639362,0.1659173208118782,0.0,0.012928785743308456,0.0
1965,24.5625,2.943254971440312,0.5151956564503735,0.5151956564503735,19.088313475370796,0.33927818277530325,1.0,0.004901676549182612,0.0
1966,24.575,2.9496949171459415,-0.3071045745124579,0.3071045745124579,19.10272295153515,0.33953545509381644,1.0,0.0029218555556269924,0.0
1967,24.5875,2.9458561099645357,2.06150639360672,2.06150639360672,19.155960477223406,0.3404859783126691,1.0,0.0196135922712412,0.0
1968,24.6,2.9716249398846197,3.3616298429029356,3.3616298429029356,22.442813746835768,0.3991707182463547,1.0,0.03198323192691157,0.0
1969,24.6125,3.0136453129209064,16.68954168207126,16.68954168207126,24.389362426330887,0.4339251455524153,1.0,0.1587877033809863,0.0
1970,24.625,3.222264583946797,19.084291382259835,19.084291382259835,24.993539642704324,0.44471235748686067,1.0,0.1815718404357348,0.0
1971,24.6375,3.460818226225045,6.569488777125798,6.569488777125798,25.37197629694026,0.45146911077442964,1.0,0.06250345606719554,0.0
1972,24.65,3.5429368359391176,-47.04349503558504,47.04349503558504,25.408105455989766,0.4521141746482706,1.0,0.4475814062491572,1.0
1973,24.6625,2.9548931479943046,-2.1605390987226514,2.1605390987226514,19.24157554209713,0.34201458254425154,1.0,0.020555809625349725,0.0
1974,24.675,2.9278864092602714,-4.048295240516104,4.048295240516104,20.352119662219593,0.36184266354707545,1.0,0.03851630656462416,0.0
1975,24.6875,2.87728271875382,-33.13732555853903,33.13732555853903,20.37490425903644,0.36224946848450673,1.0,0.3152752736931632,1.0
1976,24.7,2.4630661492720822,-27.213772996458587,27.213772996458587,17.388978231511306,0.30893759904191326,1.0,0.2589173865140481,1.0
1977,24.7125,2.12289398681635,22.742669061165337,22.742669061165337,14.489884714770508,0.2571760705775068,1.0,0.21637839179584228,1.0
1978,24.725,2.4071773500809166,22.730847680883457,22.730847680883457,12.057591896534568,0.21374898096556877,1.0,0.2162659207728801,1.0
1979,24.7375,2.69131294609196,-7.604953385417339,7.604953385417339,9.007705368707919,0.15929513619936572,0.0,0.07235507753260303,0.0
1980,24.75,2.596251028774243,3.2282622259322835,3.2282622259322835,8.709410948339855,0.15396927311785558,0.0,0.030714345218841303,0.0
1981,24.7625,2.6366043065983966,-18.879414514801773,18.879414514801773,13.447044756818656,0.23855680567430723,1.0,0.1796226001342768,0.0
1982,24.775,2.4006116251633745,4.879783285265198,4.879783285265198,12.021868599449425,0.21311116350702955,1.0,0.04642725340364303,0.0
1983,24.7875,2.4616089162291894,14.000038147847533,14.000038147847533,15.593602427064363,0.27688227027464335,1.0,0.13319921823443487,0.0
1984,24.8,2.6366093930772836,1.1095051120683763,1.1095051120683763,15.82342033220099,0.28098552736851357,1.0,0.010556057918837767,0.0
1985,24.8125,2.6504782069781383,-0.8118512141862055,0.8118512141862055,15.913402581790441,0.28259210499235365,1.0,0.007724118028128747,0.0
1986,24.825,2.6403300668008107,-1.6484251939690608,1.6484251939690608,19.410842386897222,0.3450367377643598,1.0,0.015683453490330932,0.0
1987,24.8375,2.6197247518761975,-3.944107054235708,3.944107054235708,27.287243792478073,0.48566503181483967,1.0,0.03752503891126094,0.0
1988,24.85,2.570423413698251,-29.15776167674668,29.15776167674668,27.257576796079537,0.48513534587346907,1.0,0.27741289129313873,1.0
1989,24.8625,2.2059513927389176,8.127163580614045,8.127163580614045,27.372237021699164,0.48718253355398855,1.0,0.07732349183402744,0.0
1990,24.875,2.307540937496593,28.511281647069282,28.511281647069282,31.50183219295864,0.5609139108860066,1.0,0.2712621484417385,1.0
1991,24.8875,2.663931958084959,15.929928530614923,15.929928530614923,32.416665242476824,0.577247691310603,1.0,0.15156058893557778,0.0
1992,24.9,2.8630560647176457,4.906832721694272,4.906832721694272,31.924007198485054,0.5684515854864739,1.0,0.04668460725853868,0.0
1993,24.9125,2.924391473738824,31.4486003806946,31.4486003806946,31.99879812088624,0.5697869313235066,1.0,0.29920839793709475,1.0
1994,24.925,3.3174989784975066,-54.26988371638039,54.26988371638039,30.107887862475128,0.5360258937442777,1.0,0.5163347419740387,1.0
1995,24.9375,2.6391254320427517,1.6157142345095465,1.6157142345095465,23.21127395584891,0.41289110179138605,1.0,0.01537223475066089,0.0
1996,24.95,2.659321859974121,30.004766291727627,30.004766291727627,23.206328703228372,0.4128028073528647,1.0,0.2854714659459347,1.0
1997,24.9625,3.0343814386207164,44.844836529928784,44.844836529928784,20.666430405617323,0.3674544882078199,1.0,0.4266629208118207,1.0
1998,24.975,3.594941895244826,-35.78674632590044,35.78674632590044,13.25672613037506,0.23515878386401332,1.0,0.34048240322094053,1.0
1999,24.9875,3.1476075661710707,-0.4231126557582243,0.4231126557582243,4.012437607275407,0.07010770815413277,0.0,0.0040255801003482245,0.0
2000,25.0,3.142318657974093,-7.894540641300587,7.894540641300587,4.047659916787394,0.07073658078823684,0.0,0.07511026974614957,0.0
2001,25.0125,3.0436368999578356,-7.036270942038811,7.036270942038811,2.9753334011155994,0.05159085156509565,0.0,0.06694451678400148,0.0
2002,25.025,2.9556835131823505,-1.8565816712960626,1.8565816712960626,2.3125141847764947,0.03975662285354227,0.0,0.01766389666895565,0.0
2003,25.0375,2.9324762422911497,-0.8798626700151857,0.8798626700151857,4.651631369980506,0.08152011894787854,0.0,0.008371192889763946,0.0
2004,25.05,2.92147795891596,-2.9710656076127506,2.9710656076127506,10.001761295708997,0.1770433922882288,0.0,0.028267324137118806,0.0
2005,25.0625,2.8843396388208005,0.4182096129847679,0.4182096129847679,16.24842386552802,0.2885737035900629,1.0,0.003978931551430177,0.0
2006,25.075,2.88956725898311,1.8873673321378348,1.8873673321378348,23.698424365484275,0.42158887219761154,1.0,0.017956797724913487,0.0
2007,25.0875,2.913159350634833,-1.5653070998936514,1.5653070998936514,29.988357988156725,0.5338917614866765,1.0,0.014892650991433245,0.0
2008,25.1,2.8935930118861624,1.4409150924884528,1.4409150924884528,29.987174499327057,0.5338706310228296,1.0,0.013709160063336603,0.0
2009,25.1125,2.911604450542268,4.633574519284949,4.633574519284949,30.22896360641861,0.5381876265515467,1.0,0.04408477299003957,0.0
2010,25.125,2.96952413203333,11.565747527996031,11.565747527996031,30.185460782666166,0.5374109104377196,1.0,0.11003888080567652,0.0
2011,25.1375,3.1140959761332803,25.05902223214889,25.05902223214889,31.219190408023433,0.555867515965776,1.0,0.2384166482828291,1.0
2012,25.15,3.4273337540351414,36.34055067861361,36.34055067861361,30.97447123180263,0.5514982058581187,1.0,0.345751410780578,1.0
2013,25.1625,3.8815906375178115,-48.79556551185914,48.79556551185914,28.185544510750184,0.5017036376514364,1.0,0.46425096209370503,1.0
2014,25.175,3.2716460686195723,-52.01011954226349,52.01011954226349,22.49187585232217,0.40004669191018916,1.0,0.4948348847445188,1.0
2015,25.1875,2.6215195743412787,-1.3719851802987648,1.3719851802987648,13.520715662720404,0.2398721543068408,1.0,0.01305334682056724,0.0
2016,25.2,2.604369759587544,-10.888208595746036,10.888208595746036,13.622156352355034,0.24168331531756768,1.0,0.10359263722076398,0.0
2017,25.2125,2.4682671521407187,-0.6666546147278041,0.6666546147278041,13.066905241415677,0.23176964884981896,1.0,0.006342687968159165,0.0
2018,25.225,2.459933969456621,25.329290800291062,25.329290800291062,13.086869455919556,0.23212609759883132,1.0,0.24098803856117718,1.0
2019,25.2375,2.7765501044602594,-22.498772012936712,22.498772012936712,9.928134296324274,0.17572882757950367,0.0,0.21405790553640064,1.0
2020,25.25,2.4953154542985505,0.8318857172544725,0.8318857172544725,6.798322909171913,0.11984797369575673,0.0,0.007914730376340015,0.0
2021,25.2625,2.5057140257642314,8.525473214577772,8.525473214577772,6.8272441751265704,0.12036434507953384,0.0,0.08111309092646772,0.0
2022,25.275,2.6122824409464536,-10.975186385998903,10.975186385998903,6.127483696802074,0.10787055289659661,0.0,0.10442016165627573,0.0
2023,25.2875,2.4750926111214673,4.889731749487858,4.889731749487858,6.029590793878072,0.1061227354316186,0.0,0.046521905121238195,0.0
2024,25.3,2.5362142579900655,-0.006133964193608676,0.006133964193608676,6.267630326481264,0.11037278461814705,0.0,5.835978635474711e-05,0.0
2025,25.3125,2.5361375834376454,-2.149777877011445,2.149777877011445,6.3576181139845,0.11197946111802559,0.0,0.02045342516724734,0.0
2026,25.325,2.5092653599750023,7.745099098285948,7.745099098285948,14.777745121002694,0.26231564076554054,1.0,0.07368845242743333,0.0
2027,25.3375,2.6060790987035767,9.348234713691959,9.348234713691959,14.773841082523974,0.26224593656397704,1.0,0.08894101163054456,0.0
2028,25.35,2.722932032624726,1.9607608324312054,1.9607608324312054,18.35353067353344,0.326159088585055,1.0,0.018655078455246263,0.0
2029,25.3625,2.7474415430301162,-0.40254310910405877,0.40254310910405877,19.250642543920193,0.3421764682751675,1.0,0.0038298772383390353,0.0
2030,25.375,2.7424097541663155,-10.532520387056827,10.532520387056827,40.768832350178954,0.7263704888293341,1.0,0.10020854706098872,0.0
2031,25.3875,2.610753249328105,6.879482155251004,6.879482155251004,42.039229129413236,0.7490526405673543,1.0,0.06545279628956324,0.0
2032,25.4,2.6967467762687427,-3.014794025502603,3.014794025502603,56.05613259162684,0.9993158153675471,1.0,0.02868336522329631,0.0
2033,25.4125,2.65906185094996,-37.79313545003813,37.79313545003813,56.09445285169338,1.0,1.0,0.35957159854933335,1.0
2034,25.425,2.1866476578244836,-7.6852843672243765,7.6852843672243765,54.73500064496572,0.9757278184756034,1.0,0.07311936287695027,0.0
2035,25.4375,2.090581603234179,32.18812133510674,32.18812133510674,54.67537983192791,0.9746633255941881,1.0,0.3062443511220384,1.0
2036,25.45,2.492933119923013,16.54466029864782,16.54466029864782,54.39692283385608,0.9696916474649458,1.0,0.15740927235066138,0.0
2037,25.4625,2.699741373656111,101.64765449187871,101.64765449187871,54.44773364260151,0.9705988431480065,1.0,0.9670965157879824,1.0
2038,25.475,3.970337054804595,-30.863031971765764,30.863031971765764,40.9986412521103,0.7304735851765214,1.0,0.29363718066836936,1.0
2039,25.4875,3.584549155157523,-105.10600837917096,105.10600837917096,39.96288711898392,0.7119808333096483,1.0,1.0,1.0
2040,25.5,2.270724050417886,6.593185862891566,6.593185862891566,14.948613739199311,0.2653663946627108,1.0,0.06272891497417145,0.0
2041,25.5125,2.3531388737040304,14.932592746515816,14.932592746515816,15.388917262777687,0.27322774278310613,1.0,0.1420717328798782,0.0
2042,25.525,2.539796283035478,2.6226911931512475,2.6226911931512475,14.483526032418023,0.2570625402220065,1.0,0.024952818907268016,0.0
2043,25.5375,2.5725799229498687,28.162023849481805,28.162023849481805,14.508798719473985,0.2575137684776199,1.0,0.26793923852466195,1.0
2044,25.55,2.9246052210683913,17.831703916988744,17.831703916988744,10.560413117169743,0.18701777634698846,0.0,0.16965446782700278,0.0
2045,25.5625,3.1475015200307506,-7.93150359823624,7.93150359823624,8.489395447225924,0.1500410319080576,0.0,0.07546194285699884,0.0
2046,25.575,3.0483577250527976,16.783230958713453,16.783230958713453,8.125576657863704,0.14354527159100874,0.0,0.15967908226680802,0.0
2047,25.5875,3.2581481120367157,-7.6617650783207125,7.6617650783207125,6.993503187609796,0.12333279730690087,0.0,0.07289559556558194,0.0
2048,25.6,3.162376048557707,-12.260989935455555,12.260989935455555,9.636225449374656,0.17051697497690768,0.0,0.11665355886434116,0.0
2049,25.6125,3.0091136743645124,-2.571447184408946,2.571447184408946,11.196930497936508,0.1983824019902785,0.0,0.024465272956921975,0.0
2050,25.625,2.9769705845594006,-3.569344575474389,3.569344575474389,11.223502698411941,0.1988568322573012,0.0,0.033959472255838535,0.0
2051,25.6375,2.9323537773659707,-1.1118753003049875,1.1118753003049875,15.698494753243917,0.2787550581291533,1.0,0.010578608373118751,0.0
2052,25.65,2.9184553361121583,1.5328872808747107,1.5328872808747107,22.59779888841232,0.4019378824550808,1.0,0.014584202221292666,0.0
2053,25.6625,2.9376164271230922,3.814451079296788,3.814451079296788,29.947719566297593,0.5331661875037528,1.0,0.03629146552246679,0.0
2054,25.675,2.985297065614302,12.031191458530976,12.031191458530976,29.935497642592697,0.5329479725865424,1.0,0.11446720928767778,0.0
2055,25.6875,3.1356869588459393,20.255485102162183,20.255485102162183,45.33464612881342,0.8078902806198579,1.0,0.1927148163508438,0.0
2056,25.7,3.3888805226229666,20.259495736885995,20.259495736885995,47.56574310504591,0.8477251424396792,1.0,0.1927529743475717,0.0
2057,25.7125,3.6421242193340415,3.373191750748852,3.373191750748852,47.19853033355704,0.8411687846629616,1.0,0.03209323427619884,0.0
2058,25.725,3.684289116218402,-31.249736291197756,31.249736291197756,47.81171149049206,0.8521167564083545,1.0,0.2973163644314607,1.0
2059,25.7375,3.29366741257843,-45.98889521777455,45.98889521777455,47.799956768533995,0.8519068830904674,1.0,0.4375477284977768,1.0
2060,25.75,2.7188062223562484,-55.60569111502584,55.60569111502584,44.96050950517808,0.801210301729198,1.0,0.5290438860015287,1.0
2061,25.7625,2.0237350834184253,-2.9487170330334322,2.9487170330334322,40.44630249982264,0.7206119170780484,1.0,0.028054695240598487,0.0
2062,25.775,1.9868761205055074,97.04390002484622,97.04390002484622,40.734875288933786,0.7257642064234511,1.0,0.9232954568568469,1.0
2063,25.7875,3.1999248708160852,-45.48013738774092,45.48013738774092,22.098298092223875,0.39301960350664294,1.0,0.4327073027421123,1.0
2064,25.8,2.6314231534693238,11.491647210594067,11.491647210594067,15.394815529113067,0.27333305269430647,1.0,0.10933387527321785,0.0
2065,25.8125,2.7750687436017496,21.85054559058173,21.85054559058173,14.919400152036443,0.26484480406387484,1.0,0.2078905471488906,1.0
2066,25.825,3.0482005634840212,-31.105544677094947,31.105544677094947,12.77295464944973,0.22652134214797798,1.0,0.29594449600713013,1.0
2067,25.8375,2.6593812550203344,-2.8055064575516298,2.8055064575516298,6.9358802513926365,0.12230397528512618,0.0,0.026692160617790162,0.0
2068,25.85,2.624312424300939,2.764172917036092,2.764172917036092,8.174049590843742,0.1444107259427608,0.0,0.026298904883385075,0.0
2069,25.8625,2.65886458576389,-14.003869583923283,14.003869583923283,10.412586700929706,0.18437842676829602,0.0,0.13323567129867767,0.0
2070,25.875,2.483816215964849,7.039619462351858,7.039619462351858,9.216681755163876,0.1630262808186981,0.0,0.06697637528918768,0.0
2071,25.8875,2.5718114592442474,7.6004887756560535,7.6004887756560535,9.50061781176484,0.16809578416205515,0.0,0.07231260032478082,0.0
2072,25.9,2.666817568939948,-4.094288873793346,4.094288873793346,9.11376904237072,0.16118883774146311,0.0,0.038953899371986025,0.0
2073,25.9125,2.615638958017531,1.3875515300724572,1.3875515300724572,9.009316735969126,0.15932390616897033,0.0,0.013201448247057879,0.0
2074,25.925,2.632983352143437,6.8716391593870085,6.8716391593870085,9.080135874970823,0.1605883382606202,0.0,0.06537817642734088,0.0
2075,25.9375,2.7188788416357745,-12.551497173591635,12.551497173591635,9.472424623909804,0.1675924121641413,0.0,0.11941750397667072,0.0
2076,25.95,2.561985126965879,18.452524289151313,18.452524289151313,9.79085273774072,0.17327774993705175,0.0,0.1755610794635417,0.0
2077,25.9625,2.7926416805802705,-2.8827850242901576,2.8827850242901576,7.349656373413988,0.12969169299558417,0.0,0.027427404662638145,0.0
2078,25.975,2.7566068677766435,-9.595434956725235,9.595434956725235,17.810515216290252,0.3164638821750511,1.0,0.09129292515904143,0.0
2079,25.9875,2.636663930817578,-0.3997604889004691,0.3997604889004691,25.682658124029924,0.457016143370451,1.0,0.0038034028222090712,0.0
2080,26.0,2.6316669247063222,-1.272484386063617,1.272484386063617,25.9337242199478,0.46149877381864374,1.0,0.012106675971112108,0.0
2081,26.0125,2.615760869880527,-3.489116638915455,3.489116638915455,26.242683890982402,0.46701505837940877,1.0,0.033196167304997755,0.0
2082,26.025,2.572146911894084,10.268549591767382,10.268549591767382,26.44136779823083,0.47056243712420365,1.0,0.09769707507798686,0.0
2083,26.0375,2.700503781791176,-14.373998535913941,14.373998535913941,26.210380848121243,0.4664383074526486,1.0,0.13675715363540017,0.0
2084,26.05,2.520828800092252,-2.3976789699287337,2.3976789699287337,26.021761830187756,0.46307063110508856,1.0,0.022812006724478428,0.0
2085,26.0625,2.4908578129681427,-45.9770211866298,45.9770211866298,28.675139868708655,0.5104450611035156,1.0,0.4374347565437671,1.0
2086,26.075,1.9161450481352702,53.20853484524353,53.20853484524353,29.96066117671387,0.5333972519837598,1.0,0.5062368523528475,1.0
2087,26.0875,2.5812517337008143,10.189837940445301,10.189837940445301,23.3318394496074,0.4150437243959929,1.0,0.09694819637413458,0.0
2088,26.1,2.7086247079563806,11.42726842244194,11.42726842244194,40.87724793620459,0.7283061823175386,1.0,0.1087213623527397,0.0
2089,26.1125,2.851465563236905,-9.793555066179174,9.793555066179174,48.10583565905053,0.8573681622133057,1.0,0.09317788028681318,0.0
2090,26.125,2.729046124909665,2.8545010100762624,2.8545010100762624,48.154102217998,0.8582299318838638,1.0,0.027158304782906626,0.0
2091,26.1375,2.7647273875356184,11.304690630800174,11.304690630800174,48.3817745007489,0.8622948802120624,1.0,0.1075551322434241,0.0
2092,26.15,2.9060360204206206,34.1584737127809,34.1584737127809,48.26189171102731,0.8601544468673862,1.0,0.3249906854949136,1.0
2093,26.1625,3.333016941830382,-52.123958507029826,52.123958507029826,46.80676301651945,0.8341740206047595,1.0,0.4959179718726653,1.0
2094,26.175,2.681467460492509,-2.2397080231017696,2.2397080231017696,43.02820285593169,0.766710157097999,1.0,0.021309038918327115,0.0
2095,26.1875,2.653471110203737,95.47999859205085,95.47999859205085,43.039609515805274,0.7669138159818262,1.0,0.9084161796688712,1.0
2096,26.2,3.8469710926043725,-72.63854808942436,72.63854808942436,26.707479934600073,0.47531370535403505,1.0,0.6910979610925769,1.0
2097,26.2125,2.938989241486568,11.5361522424449,11.5361522424449,7.331085251038025,0.1293601170481618,0.0,0.10975730522300986,0.0
2098,26.225,3.083191144517129,-13.563794578798749,13.563794578798749,6.604144534930356,0.11638103846671452,0.0,0.1290487079470017,0.0
2099,26.2375,2.913643712282145,5.9252621666035665,5.9252621666035665,6.132597129508885,0.10796185008693422,0.0,0.056374152705220476,0.0
2100,26.25,2.9877094893646894,-7.752696746825478,7.752696746825478,11.754923876775194,0.20834502996172086,1.0,0.07376073800517234,0.0
2101,26.2625,2.890800780029371,1.1543248482672652,1.1543248482672652,12.223612444748259,0.21671317556033307,1.0,0.010982482029980884,0.0
2102,26.275,2.9052298406327117,3.587514755795489,3.587514755795489,15.096223604089944,0.2680018778504878,1.0,0.034132347057206226,0.0
2103,26.2875,2.9500737750801553,1.8660408919918936,1.8660408919918936,22.719866556717978,0.40411732546066215,1.0,0.017753893623855762,0.0
2104,26.3,2.973399286230054,-0.03578473124534298,0.03578473124534298,25.77573167091669,0.45867791420283127,1.0,0.0003404632313335429,0.0
2105,26.3125,2.972951977089487,7.214022539677316,7.214022539677316,26.682816437566782,0.4748733538109238,1.0,0.06863568173622063,0.0
2106,26.325,3.0631272588354537,11.658846576429909,11.658846576429909,27.012576209948463,0.4807610113652547,1.0,0.11092464413994779,0.0
2107,26.3375,3.2088628410408275,28.97696730353843,28.97696730353843,28.976764495234182,0.5158303829640601,1.0,0.27569277675357756,1.0
2108,26.35,3.571074932335058,12.24793997589952,12.24793997589952,28.16287875012673,0.5012989544610172,1.0,0.11652939888759695,0.0
2109,26.3625,3.724174182033802,-25.083193438985205,25.083193438985205,28.123304783499716,0.5005923856703987,1.0,0.23864661807436677,1.0
2110,26.375,3.410634264046487,-48.15850097465834,48.15850097465834,26.941469196784343,0.4794914394578085,1.0,0.4581898001580088,1.0
2111,26.3875,2.8086530018632576,-34.48260667552255,34.48260667552255,21.222901767139057,0.37738994149785926,1.0,0.3280745526090783,1.0
2112,26.4,2.377620418419226,-19.510922056768116,19.510922056768116,17.468446504304588,0.3103564560882465,1.0,0.18563089168396799,0.0
2113,26.4125,2.1337338927096243,13.917426660920071,13.917426660920071,16.070136157730634,0.28539048641934434,1.0,0.13241323569926486,0.0
2114,26.425,2.307701725971125,31.870324133975423,31.870324133975423,15.326589411690641,0.2721149174052638,1.0,0.30322076373600754,1.0
2115,26.4375,2.706080777645818,-21.624604162086705,21.624604162086705,10.398069839009782,0.18411923714328288,0.0,0.2057408943176277,1.0
2116,26.45,2.435773225619734,11.497490737698612,11.497490737698612,7.789615428508626,0.1375468908434467,0.0,0.10938947178187285,0.0
2117,26.4625,2.579491859840967,10.418565994552331,10.418565994552331,7.007688398128264,0.12358606550048806,0.0,0.09912436172979999,0.0
2118,26.475,2.709723934772871,-10.760650148434543,10.760650148434543,7.223871606730336,0.12744588348875457,0.0,0.10237902013760614,0.0
2119,26.4875,2.575215807917439,5.189477236459226,5.189477236459226,6.234182618222411,0.10977559639599678,0.0,0.04937374481711964,0.0
2120,26.5,2.6400842733731795,-2.3446326661724726,2.3446326661724726,10.352124204071938,0.18329890614087904,0.0,0.02230731337179305,0.0
2121,26.5125,2.6107763650460236,-2.6334957365559575,2.6334957365559575,12.312347904516647,0.2182974925201279,1.0,0.025055615536797818,0.0
2122,26.525,2.577857668339074,-1.2006945755164011,1.2006945755164011,13.35015655394044,0.2368269265096006,1.0,0.0114236530720954,0.0
2123,26.5375,2.562848986145119,9.385601863706725,9.385601863706725,23.5848788781165,0.4195615874817327,1.0,0.08929653031678336,0.0
2124,26.55,2.680169009441453,6.295156753654361,6.295156753654361,28.41787241919997,0.5058517093079241,1.0,0.05989340524610658,0.0
2125,26.5625,2.7588584688621327,-11.539476237028623,11.539476237028623,36.936908410470906,0.6579538479264829,1.0,0.10978893038540527,0.0
2126,26.575,2.614615015899275,3.039290547410367,3.039290547410367,36.844285930969285,0.6563001306243392,1.0,0.028916430128771483,0.0
2127,26.5875,2.6526061477419045,-23.9445654573478,23.9445654573478,36.83993183454331,0.6562223909154307,1.0,0.2278134792348649,1.0
2128,26.6,2.353299079525057,-18.997810016469536,18.997810016469536,42.64424846527466,0.7598548880263857,1.0,0.18074903908380527,0.0
2129,26.6125,2.115826454319188,14.83231109899485,14.83231109899485,45.738379098175045,0.8150986840276668,1.0,0.14111763283300743,0.0
2130,26.625,2.3012303430566234,55.00545719207622,55.00545719207622,46.426069978781186,0.8273769809800277,1.0,0.5233331380413905,1.0
2131,26.6375,2.988798557957576,45.81180209784396,45.81180209784396,42.52580585505007,0.7577401681992616,1.0,0.4358628284367667,1.0
2132,26.65,3.5614460841806257,-67.03511646346115,67.03511646346115,41.71108436484766,0.7431938179824926,1.0,0.6377857697880726,1.0
2133,26.6625,2.7235071283873613,8.859409378789742,8.859409378789742,36.50990759496141,0.6503300114621915,1.0,0.08429022769877566,0.0
2134,26.675,2.834249745622233,-2.5827623812087097,2.5827623812087097,41.57316380971673,0.7407313314504053,1.0,0.024572928046999645,0.0
2135,26.6875,2.801965215857124,-65.30048247674341,65.30048247674341,41.563134129795515,0.740552257695201,1.0,0.621282108261321,1.0
2136,26.7,1.9857091848978314,50.4842148429015,50.4842148429015,34.566078949667414,0.6156241486908424,1.0,0.4803171162278297,1.0
2137,26.7125,2.6167618704341002,26.963728631401516,26.963728631401516,29.607197865779856,0.5270863823535166,1.0,0.2565384134285606,1.0
2138,26.725,2.953808478326619,-15.814987843280797,15.814987843280797,28.030914534841305,0.4989428147068713,1.0,0.15046701979422597,0.0
2139,26.7375,2.7561211302856092,39.3660307068447,39.3660307068447,27.46887119464991,0.48890787717086076,1.0,0.3745364448132342,1.0
2140,26.75,3.248196514121168,35.199107785272865,35.199107785272865,23.682193107001407,0.42129907307829284,1.0,0.3348914902970317,1.0
2141,26.7625,3.6881853614370788,-56.93264359746831,56.93264359746831,20.156442536895028,0.35834896904090185,1.0,0.5416687825503109,1.0
2142,26.775,2.976527316468725,0.004225215203064181,0.004225215203064181,2.5366055786835946,0.04375763661780021,0.0,4.01995591709817e-05,0.0
2143,26.7875,2.9765801316587632,-1.6463820339202684,1.6463820339202684,2.9689122255824962,0.05147620543236057,0.0,0.015664014448925973,0.0
2144,26.8,2.95600035623476,-1.6836746641271816,1.6836746641271816,14.693457051200442,0.2608107292133309,1.0,0.0160188241385146,0.0
2145,26.8125,2.93495442293317,-0.45901555199041155,0.45901555199041155,15.1939832999894,0.2697473169861181,1.0,0.004367167577466251,0.0
2146,26.825,2.92921672853329,-0.7533663601725138,0.7533663601725138,17.06974589985038,0.30323790245516696,1.0,0.007167681199106499,0.0
2147,26.8375,2.9197996490311335,0.37875956032557667,0.37875956032557667,23.15521878657705,0.41189027128243977,1.0,0.0036035957046261125,0.0
2148,26.85,2.9245341435352032,1.569850937518531,1.569850937518531,23.372970937341773,0.4157781017663164,1.0,0.014935881989308149,0.0
2149,26.8625,2.944157280254185,6.522533552662502,6.522533552662502,27.064834347032033,0.4816940482040211,1.0,0.062056714485173844,0.0
2150,26.875,3.025688949662466,4.363552839565408,4.363552839565408,27.399132106806793,0.48766272872717364,1.0,0.04151573165849708,0.0
2151,26.8875,3.0802333601570338,40.73544520807015,40.73544520807015,28.709885946010417,0.5110654309049366,1.0,0.3875653336688102,1.0
2152,26.9,3.5894264252579107,11.068439258255971,11.068439258255971,26.43185428593713,0.47039257922395206,1.0,0.10530738850177307,0.0
2153,26.9125,3.7277819159861103,-22.008259081485413,22.008259081485413,26.79956857841957,0.47695789134899746,1.0,0.20939106546687988,1.0
2154,26.925,3.4526786774675426,-44.25913483816618,44.25913483816618,26.302982048518995,0.4680916448295039,1.0,0.42109043546303193,1.0
2155,26.9375,2.8994394919904654,-9.010902611454448,9.010902611454448,21.534408266254502,0.3829516981047792,1.0,0.08573156521126298,0.0
2156,26.95,2.7868032093472848,-38.62823234787896,38.62823234787896,21.29746102091457,0.37872115103432324,1.0,0.36751688075268957,1.0
2157,26.9625,2.3039503049987977,-13.718633304281234,13.718633304281234,16.72763778272844,0.29712977281393366,1.0,0.1305218751604678,0.0
2158,26.975,2.1324673886952823,24.645516427883685,24.645516427883685,16.055742450492772,0.28513349564529766,1.0,0.2344824697268946,1.0
2159,26.9875,2.4405363440438284,25.582405203193446,25.582405203193446,13.5685545871372,0.24072628882634067,1.0,0.24339622061285657,1.0
2160,27.0,2.7603164090837464,-16.706345728043175,16.706345728043175,10.151560840681588,0.17971797086469737,0.0,0.15894758050153393,0.0
2161,27.0125,2.5514870874832067,16.53491388063987,16.53491388063987,8.394553948002287,0.14834769537602663,0.0,0.15731654294196012,0.0
2162,27.025,2.758173510991205,-11.573332039093884,11.573332039093884,6.046027176884187,0.10641619692291238,0.0,0.11011104139111605,0.0
2163,27.0375,2.6135068605025316,0.07223814974906873,0.07223814974906873,4.646929121456558,0.08143616319777473,0.0,0.0006872884896215342,0.0
2164,27.05,2.614409837374395,-10.09933132162871,10.09933132162871,8.05249042240355,0.142240361888965,0.0,0.096087097943966,0.0
2165,27.0625,2.488168195854036,3.4619212163864432,3.4619212163864432,9.222676950189514,0.16313332133194036,0.0,0.03293742450857356,0.0
2166,27.075,2.5314422110588666,4.236973398266137,4.236973398266137,9.790695350138348,0.1732749398783858,0.0,0.04031142903820697,0.0
2167,27.0875,2.5844043785371933,2.4591802137872065,2.4591802137872065,12.052283190481466,0.21365419728995083,1.0,0.02339714210167405,0.0
2168,27.1,2.6151441312095334,4.291477071567975,4.291477071567975,22.17012548652134,0.39430203737536207,1.0,0.040829988101978236,0.0
2169,27.1125,2.668787594604133,-1.4459066850209723,1.4459066850209723,33.47410395844973,0.5961276080432412,1.0,0.013756651092722023,0.0
2170,27.125,2.650713761041371,-3.775984583769869,3.775984583769869,34.843489064226276,0.620577135359998,1.0,0.035925487438814796,0.0
2171,27.1375,2.6035139537442475,-18.60092557629212,18.60092557629212,36.72511394784927,0.6541723882935706,1.0,0.176972999575715,0.0
2172,27.15,2.371002384040596,-16.239391556991265,16.239391556991265,36.13149771619998,0.6435737362342221,1.0,0.154504883283242,0.0
2173,27.1625,2.1680099895782052,9.91889414207936,9.91889414207936,35.75985780608698,0.636938334625153,1.0,0.09437038181772493,0.0
2174,27.175,2.2919961663541972,20.326102944055613,20.326102944055613,35.8829459900533,0.6391359983090646,1.0,0.19338668890106642,0.0
2175,27.1875,2.5460724531548924,52.688737308842484,52.688737308842484,35.22653717762697,0.6274162234096023,1.0,0.5012913925792648,1.0
2176,27.2,3.2046816695154234,-71.06635033065767,71.06635033065767,29.95562615427209,0.5333073547603917,1.0,0.6761397509672816,1.0
2177,27.2125,2.3163522903822025,27.395536149596325,27.395536149596325,24.426205513297873,0.43458295616933607,1.0,0.26064671822344027,1.0
2178,27.225,2.6587964922521565,33.03907041800848,33.03907041800848,22.49049879941929,0.4000221054790796,1.0,0.3143404542471036,1.0
2179,27.2375,3.0717848724772625,-0.05911142675309122,0.05911142675309122,26.51639046163836,0.47190192055411734,1.0,0.0005623981698538696,0.0
2180,27.25,3.071045979642849,-7.069389146711131,7.069389146711131,27.282200474446853,0.48557498647883357,1.0,0.06725961013768347,0.0
2181,27.2625,2.9826786153089597,-12.9973659604536,12.9973659604536,27.868250395052247,0.4960385467164771,1.0,0.12365959054943343,0.0
2182,27.275,2.8202115408032897,-6.303596569068297,6.303596569068297,27.527243215282574,0.4899500736333258,1.0,0.05997370337124792,0.0
2183,27.2875,2.741416583689936,5.248616326462532,5.248616326462532,27.472372350730918,0.48897038815544924,1.0,0.04993640618077795,0.0
2184,27.3,2.8070242877707177,51.42787152105942,51.42787152105942,27.441360497919963,0.48841669063146836,1.0,0.4892952583217971,1.0
2185,27.3125,3.4498726817839604,4.896893369716722,4.896893369716722,20.555218925623347,0.3654688757555012,1.0,0.04659004223670193,0.0
2186,27.325,3.5110838489054195,-51.671574284370365,51.671574284370365,20.484667056410192,0.3642092156012474,1.0,0.49161389611490763,1.0
2187,27.3375,2.86518917035079,18.154875132358015,18.154875132358015,9.317896192345007,0.1648334022312732,0.0,0.17272918468051915,0.0
2188,27.35,3.092125109505265,-17.56540923904165,17.56540923904165,6.759209064377654,0.11914962009695786,0.0,0.16712088595044217,0.0
2189,27.3625,2.8725574940172445,4.220122453896948,4.220122453896948,3.929249748697837,0.06862244019544451,0.0,0.0401511057167428,0.0
2190,27.375,2.9253090246909563,-3.9487109360704054,3.9487109360704054,6.082434705238393,0.10706623090917149,0.0,0.03756884118199401,0.0
2191,27.3875,2.8759501379900763,3.7315091503557696,3.7315091503557696,11.810254406193792,0.2093329224725741,1.0,0.03550233909458642,0.0
2192,27.4,2.9225940023695234,0.8579289099990817,0.8579289099990817,11.830949681857042,0.20970242386814356,1.0,0.008162510623599125,0.0
2193,27.4125,2.933318113744512,0.903348951268157,0.903348951268157,16.442158489152693,0.2920327159252576,1.0,0.008594646159611702,0.0
2194,27.425,2.944609975635364,2.7503507667076477,2.7503507667076477,20.394567151055014,0.36260053730620384,1.0,0.026167398126144513,0.0
2195,27.4375,2.9789893602192095,-0.713605541382023,0.713605541382023,25.67972009385746,0.45696368665198944,1.0,0.0067893886599487635,0.0
2196,27.45,2.970069290951934,8.158454083245523,8.158454083245523,25.751304255553954,0.45824177775248603,1.0,0.07762119605773458,0.0
2197,27.4625,3.072049966992503,13.793676100759242,13.793676100759242,31.547694831538205,0.5617327600395716,1.0,0.13123584763107377,0.0
2198,27.475,3.2444709182519937,28.904689855123742,28.904689855123742,35.3834956791003,0.6302186207433993,1.0,0.2750051143684364,1.0
2199,27.4875,3.6057795414410405,4.223535299260099,4.223535299260099,33.94752613102218,0.604580269235364,1.0,0.04018357622357472,0.0
2200,27.5,3.6585737326817918,-32.30668174351667,32.30668174351667,34.740385462143,0.6187362840721045,1.0,0.3073723590279444,1.0
2201,27.5125,3.2547402108878334,-34.1403923132053,34.1403923132053,32.809028790225035,0.5842531007007757,1.0,0.3248186553716653,1.0
2202,27.525,2.827985306972767,-44.22263750501234,44.22263750501234,31.09912906622219,0.5537238946837325,1.0,0.42074319239180635,1.0
2203,27.5375,2.275202338160113,5.47379274129451,5.47379274129451,26.921798067979438,0.47914022357336655,1.0,0.05207878051602672,0.0
2204,27.55,2.3436247474262943,52.18792388668508,52.18792388668508,27.22903671521788,0.48462578031466025,1.0,0.4965265515403899,1.0
2205,27.5625,2.995973796009858,-47.372388990687746,47.372388990687746,20.244726239429742,0.3599252201536397,1.0,0.4507105704156454,1.0
2206,27.575,2.403818933626261,-6.246855782638683,6.246855782638683,11.392482353566068,0.2018738598832327,1.0,0.05943385995692167,0.0
2207,27.5875,2.3257332363432774,21.29594007220252,21.29594007220252,11.479961877227495,0.203435752877683,1.0,0.20261391713570936,1.0
2208,27.6,2.591932487245809,0.15996897568701485,0.15996897568701485,8.938682482678969,0.15806277509778266,0.0,0.001521977460222114,0.0
2209,27.6125,2.5939320994418966,17.06909650384027,17.06909650384027,16.57992660460522,0.29449248074081297,1.0,0.16239886536517814,0.0
2210,27.625,2.8072958057399,-4.081755527202553,4.081755527202553,15.66242074379148,0.27811097891738756,1.0,0.0388346545563559,0.0
2211,27.6375,2.756273861649868,-12.769504327875225,12.769504327875225,16.74381130671274,0.29741854111935356,1.0,0.12149166850489758,0.0
2212,27.65,2.596655057551428,8.426588880953467,8.426588880953467,16.147104344311995,0.28676470596679227,1.0,0.08017228520899077,0.0
2213,27.6625,2.701987418563346,1.9133603999001991,1.9133603999001991,15.86991185541933,0.2818156048698165,1.0,0.018204101072868573,0.0
2214,27.675,2.7259044235620986,7.41823236218341,7.41823236218341,16.513490327208995,0.29330630194262786,1.0,0.07057857563596236,0.0
2215,27.6875,2.8186323280893912,-6.196871964732118,6.196871964732118,20.197610395405732,0.35908399578902694,1.0,0.05895830371920168,0.0
2216,27.7,2.7411714285302398,-39.49654369152743,39.49654369152743,20.134105191156998,0.357950149495909,1.0,0.3757781719675174,1.0
2217,27.7125,2.247464632386147,7.39551987280425,7.39551987280425,15.619142302228335,0.2773382690092973,1.0,0.07036248437981624,0.0
2218,27.725,2.3399086307962,17.234009293773234,17.234009293773234,17.948623226020562,0.31892971559351035,1.0,0.1639678792824229,0.0
2219,27.7375,2.5553337469683655,2.4597426349127005,2.4597426349127005,18.44604762103471,0.32781092167835607,1.0,0.02340249309096731,0.0
2220,27.75,2.586080529904774,-0.0915909932584924,0.0915909932584924,18.43707806056381,0.3276507757027444,1.0,0.0008714153897660826,0.0
2221,27.7625,2.584935642489043,-13.053391587027292,13.053391587027292,23.263904044154316,0.41383077959004055,1.0,0.12419262978703419,0.0
2222,27.775,2.421768247651202,33.71965294248383,33.71965294248383,26.923757770479952,0.47917521285404213,1.0,0.32081565518918626,1.0
2223,27.7875,2.84326390943225,4.232142655803379,4.232142655803379,24.361311739830214,0.43342431782838137,1.0,0.040265468369190496,0.0
2224,27.8,2.896165692629792,-16.38841904657685,16.38841904657685,24.58443670271949,0.43740807656228275,1.0,0.15592276121318838,0.0
2225,27.8125,2.6913104545475814,-26.08174591180834,26.08174591180834,26.09618177308948,0.4643993533317374,1.0,0.2481470499547294,1.0
2226,27.825,2.365288630649977,-21.019986997154554,21.019986997154554,24.412767022161837,0.4343430201902309,1.0,0.19998844329930926,0.0
2227,27.8375,2.1025387931855453,1.844920166498163,1.844920166498163,26.127952469605496,0.4649665995425104,1.0,0.017552946733954498,0.0
2228,27.85,2.1256002952667723,40.128237696470244,40.128237696470244,30.76963017419658,0.5478408949874177,1.0,0.3817882375639957,1.0
2229,27.8625,2.6272032664726503,40.49477794465794,40.49477794465794,34.70675439766983,0.6181358221377226,1.0,0.38527557624082376,1.0
2230,27.875,3.1333879907808746,9.257062826579343,9.257062826579343,31.64525924944215,0.5634747126069126,1.0,0.0880735837021267,0.0
2231,27.8875,3.2491012761131164,-10.260564209522016,10.260564209522016,31.59231932791343,0.5625295029269597,1.0,0.09762110052269257,0.0
2232,27.9,3.120844223494091,-29.690228695634104,29.690228695634104,31.424071278747665,0.5595255376751712,1.0,0.282478891107027,1.0
2233,27.9125,2.749716364798665,-0.19337570150192107,0.19337570150192107,29.765493784783587,0.5299126584532687,1.0,0.0018398158628983067,0.0
2234,27.925,2.747299168529891,33.69471035586205,33.69471035586205,29.843070896560498,0.5312977499848939,1.0,0.3205783463330474,1.0
2235,27.9375,3.1684830479781665,46.00223534616191,46.00223534616191,27.39564692906539,0.4876005030259938,1.0,0.43767464919996196,1.0
2236,27.95,3.7435109898051904,-60.60185425159187,60.60185425159187,22.08356815974503,0.3927566096380838,1.0,0.576578401046019,1.0
2237,27.9625,2.985987811660292,3.838762553348758,3.838762553348758,5.431939642065156,0.09545204235886544,0.0,0.03652276984490158,0.0
2238,27.975,3.0339723435771515,-7.675341855241555,7.675341855241555,5.31443067676717,0.09335399218664037,0.0,0.07302476779017888,0.0
2239,27.9875,2.938030570386632,4.523284162797587,4.523284162797587,7.467313314796119,0.13179238518961617,0.0,0.04303544804479488,0.0
2240,28.0,2.994571622421602,-8.34317662287365,8.34317662287365,9.37354365252258,0.16582695334555103,0.0,0.07937868397376063,0.0
2241,28.0125,2.8902819146356813,6.085349327943277,6.085349327943277,8.913633747206493,0.15761554535970454,0.0,0.0578972546078462,0.0
2242,28.025,2.9663487812349723,3.8254708160469875,3.8254708160469875,8.65177762447204,0.1529402656309788,0.0,0.036396309545374074,0.0
2243,28.0375,3.0141671664355596,-3.675017398111997,3.675017398111997,8.55170001525418,0.15115344158123112,0.0,0.03496486504229459,0.0
2244,28.05,2.9682294489591596,-2.6759341551424143,2.6759341551424143,8.460912938735005,0.14953249426845505,0.0,0.025459383306508564,0.0
2245,28.0625,2.9347802720198795,2.152612154103224,2.152612154103224,8.457713422434782,0.14947536887629712,0.0,0.020480391057546916,0.0
2246,28.075,2.9616879239461698,-16.704838531999116,16.704838531999116,10.276811925108687,0.18195425180366465,0.0,0.1589332407309794,0.0
2247,28.0875,2.752877442296181,16.65174223115212,16.65174223115212,8.942767004335082,0.15813570171527377,0.0,0.1584280716957759,0.0
2248,28.1,2.9610242201855823,-1.524783246629653,1.524783246629653,14.810416718662015,0.2628989720111368,1.0,0.01450709878667433,0.0
2249,28.1125,2.9419644296027117,0.484347308150177,0.484347308150177,14.852925339230326,0.2636579372396897,1.0,0.004608179071960276,0.0
2250,28.125,2.948018770954589,-0.9277734988097563,0.9277734988097563,27.812271106642672,0.495039071013573,1.0,0.008827026286288071,0.0
2251,28.1375,2.936421602219467,1.0721705666852799,1.0721705666852799,35.55604530222187,0.633299387947753,1.0,0.010200849439714369,0.0
2252,28.15,2.949823734303033,2.59375639490262,2.59375639490262,36.349146004609025,0.6474597123197329,1.0,0.024677527335503203,0.0
2253,28.1625,2.9822456892393157,16.65152591056369,16.65152591056369,38.416513512988615,0.6843712853729822,1.0,0.1584260135775792,0.0
2254,28.175,3.190389763121362,8.598452022213507,8.598452022213507,39.4350240787333,0.7025561639688822,1.0,0.08180742618627955,0.0
2255,28.1875,3.2978704133990306,37.31331414958376,37.31331414958376,40.86566661819158,0.7280994050202476,1.0,0.3550064808376664,1.0
2256,28.2,3.7642868402688276,-3.523144329688783,3.523144329688783,38.91556100758388,0.6932814709007756,1.0,0.033519913694933644,0.0
2257,28.2125,3.720247536147718,-66.50968994160202,66.50968994160202,39.42513088992777,0.7023795271784496,1.0,0.6327867546988147,1.0
2258,28.225,2.8888764118776926,-62.66211160708835,62.66211160708835,31.86956054277091,0.5674794739960147,1.0,0.5961801097139391,1.0
2259,28.2375,2.1056000167890883,21.386304299011307,21.386304299011307,23.003981541960606,0.40919002346466915,1.0,0.20347366081927498,1.0
2260,28.25,2.3729288205267296,35.26006713082264,35.26006713082264,21.83378124592595,0.38829681819809675,1.0,0.3354714699431987,1.0
2261,28.2625,2.8136796596620126,-30.192949904295254,30.192949904295254,18.47420344952683,0.32831362664786395,1.0,0.28726188321579,1.0
2262,28.275,2.436267785858322,31.511681161904477,31.511681161904477,16.437808851032525,0.2919550558166523,1.0,0.29980856135479694,1.0
2263,28.2875,2.830163800382128,12.150261557348081,12.150261557348081,12.50281036766275,0.22169808244612008,1.0,0.11560006649206858,0.0
2264,28.3,2.982042069848979,-18.214637059009746,18.214637059009746,13.486452298638895,0.2392604030525435,1.0,0.1732977718390776,0.0
2265,28.3125,2.754359106611357,10.684680815974943,10.684680815974943,11.853286502978658,0.2101012340464336,1.0,0.10165623241470509,0.0
2266,28.325,2.887917616811044,-5.886803190814831,5.886803190814831,12.214026602462452,0.21654202625263846,1.0,0.05600824616589121,0.0
2267,28.3375,2.8143325769258585,-6.133571982668542,6.133571982668542,12.620823677037112,0.22380513737107716,1.0,0.05835605477987158,0.0
2268,28.35,2.7376629271425017,-12.6463374487086,12.6463374487086,12.521773168075914,0.22203665156356417,1.0,0.12031983369672658,0.0
2269,28.3625,2.579583709033644,-18.5164023976548,18.5164023976548,12.230725337157685,0.2168401718716934,1.0,0.1761688288157295,0.0
2270,28.375,2.348128679062959,-9.051834498196527,9.051834498196527,10.54695978806768,0.1867775754451423,0.0,0.08612099952975043,0.0
2271,28.3875,2.2349807478355026,18.765443880222712,18.765443880222712,10.6141975262583,0.18797806383199117,0.0,0.1785382602726781,0.0
2272,28.4,2.4695487963382865,-0.8372847408861972,0.8372847408861972,13.815316973135243,0.24513207918564647,1.0,0.007966097788298498,0.0
2273,28.4125,2.459082737077209,13.55060011700509,13.55060011700509,15.905868253800147,0.28245758420836453,1.0,0.12892317314649765,0.0
2274,28.425,2.6284652385397727,10.745994944023955,10.745994944023955,17.441212135697693,0.30987020321723163,1.0,0.1022395875339274,0.0
2275,28.4375,2.762790175340072,-4.206852642256358,4.206852642256358,26.623438925610284,0.4738132049204054,1.0,0.04002485402242749,0.0
2276,28.45,2.7102045173118676,10.114176331692555,10.114176331692555,31.811682744043903,0.5664461015611603,1.0,0.09622833639734052,0.0
2277,28.4625,2.8366317214580246,-6.003241269254644,6.003241269254644,33.340095583068454,0.5937349710700934,1.0,0.057116061791614166,0.0
2278,28.475,2.7615912055923415,9.660141542711997,9.660141542711997,34.8947760435377,0.6214928327751219,1.0,0.09190855681497238,0.0
2279,28.4875,2.8823429748762415,-31.26909393564123,31.26909393564123,34.82838008650518,0.6203073738721873,1.0,0.29750053700867096,1.0
2280,28.5,2.491479300680726,-22.31076736577453,22.31076736577453,36.92322527608767,0.657709543992936,1.0,0.21226919097991256,1.0
2281,28.5125,2.2125947086085445,-24.355957184480914,24.355957184480914,37.76142144489763,0.6726750201323152,1.0,0.23172754402980045,1.0
2282,28.525,1.908145243802533,57.89964907530379,57.89964907530379,37.13629683412517,0.6615138053776162,1.0,0.5508690698863783,1.0
2283,28.5375,2.6318908572438304,49.42775414086359,49.42775414086359,30.994058963919205,0.5518479327460755,1.0,0.4702657336443839,1.0
2284,28.55,3.2497377840046253,-29.982112645910917,29.982112645910917,25.84597216826317,0.4599320150042574,1.0,0.2852559345394428,1.0
2285,28.5625,2.874961375930739,-29.744012487574345,29.744012487574345,23.692748701032297,0.4214875367058832,1.0,0.28299060107270485,1.0
2286,28.575,2.5031612198360595,-7.502242944384783,7.502242944384783,21.247432176618823,0.37782791684470424,1.0,0.07137786944891264,0.0
2287,28.5875,2.4093831830312498,46.692871814283876,46.692871814283876,21.083954870555004,0.3749091302715068,1.0,0.44424550541239166,1.0
2288,28.6,2.993044080709798,31.60021231658657,31.60021231658657,13.129188885833795,0.23288168494482556,1.0,0.3006508648162957,1.0
2289,28.6125,3.3880467346671304,-14.786797979174189,14.786797979174189,6.932266329094828,0.1222394509292177,0.0,0.14068461172867178,0.0
2290,28.625,3.203211759927453,-2.1416234721570504,2.1416234721570504,4.5528200878953005,0.07975590438883672,0.0,0.020375842496378728,0.0
2291,28.6375,3.17644146652549,-10.10759959236264,10.10759959236264,4.504344773957017,0.07889040752654222,0.0,0.09616576395803535,0.0
2292,28.65,3.050096471620957,-6.751561909155335,6.751561909155335,2.7887561305856754,0.04825962935940321,0.0,0.0642357369789842,0.0
2293,28.6625,2.965701947756515,-2.3585045217196665,2.3585045217196665,1.866120281851631,0.03178653476250374,0.0,0.022439293034622134,0.0
2294,28.675,2.9362206412350194,0.9601459603819507,0.9601459603819507,4.020534334944462,0.0702522702378635,0.0,0.009135024488021795,0.0
2295,28.6875,2.9482224657397937,-1.7215867086956393,1.7215867086956393,5.269518584981079,0.09255211446039327,0.0,0.01637952706266799,0.0
2296,28.7,2.9267026318810982,2.004780215921862,2.004780215921862,5.306278592406548,0.09320844174328971,0.0,0.019073887847492005,0.0
2297,28.7125,2.9517623845801215,0.15565615580051428,0.15565615580051428,9.826016530926323,0.1739055777982031,0.0,0.0014809444122260182,0.0
2298,28.725,2.953708086527628,-1.0364168157364873,1.0364168157364873,11.698161870503133,0.20733157931365376,1.0,0.009860680961240612,0.0
2299,28.7375,2.940752876330922,1.4380128042447282,1.4380128042447282,16.726628942654585,0.29711176059601196,1.0,0.0136815471010666,0.0
2300,28.75,2.958728036383981,3.3504539120584553,3.3504539120584553,20.9259691726193,0.37208839297778146,1.0,0.03187690184153564,0.0
2301,28.7625,3.0006087102847117,10.345089416530264,10.345089416530264,21.20245422014908,0.3770248631451131,1.0,0.09842529058101276,0.0
2302,28.775,3.12992232799134,9.68229923608991,9.68229923608991,21.955107757741175,0.3904630283112051,1.0,0.09211936962881248,0.0
2303,28.7875,3.250951068442464,2.4645469883379434,2.4645469883379434,24.053638466121814,0.42793100109926174,1.0,0.023448202689298845,0.0
2304,28.8,3.281757905796688,23.477035814612428,23.477035814612428,24.171705933785017,0.43003902298709645,1.0,0.22336530686160957,1.0
2305,28.8125,3.5752208534793435,-17.955371093310397,17.955371093310397,23.913875207773298,0.4254356142366062,1.0,0.17083106256434188,0.0
2306,28.825,3.3507787148129635,-33.83103836582606,33.83103836582606,23.929031135384342,0.4257062139857738,1.0,0.3218753988238261,1.0
2307,28.8375,2.9278907352401378,-35.59489346873338,35.59489346873338,20.73635255712792,0.36870290514049514,1.0,0.3386570760096269,1.0
2308,28.85,2.4829545668809705,-10.218051407663857,10.218051407663857,16.63917233968015,0.29555027683630536,1.0,0.09721662505536445,0.0
2309,28.8625,2.3552289242851723,19.154174704436606,19.154174704436606,16.2433703595624,0.28848347635476534,1.0,0.18223672461556845,0.0
2310,28.875,2.59465610809063,29.430478299479503,29.430478299479503,14.936568706639,0.2651513380278954,1.0,0.2800075728621409,1.0
2311,28.8875,2.9625370868341236,7.185036268634164,7.185036268634164,11.559363349423853,0.20485341724051734,1.0,0.06835990044179087,0.0
2312,28.9,3.0523500401920507,-21.260002075945508,21.260002075945508,11.577218386947807,0.2051722079341229,1.0,0.20227199570979654,1.0
2313,28.9125,2.786600014242732,-18.11618558362653,18.11618558362653,9.121712386887662,0.16133066126351994,0.0,0.17236108442318743,0.0
2314,28.925,2.5601476944474,-1.929105303630081,1.929105303630081,6.835208182165553,0.12050653751819046,0.0,0.018353901298114324,0.0
2315,28.9375,2.536033878152024,-6.474747196535908,6.474747196535908,6.891643229953119,0.12151415052397245,0.0,0.06160206534699895,0.0
2316,28.95,2.4550995381953253,-0.5373736840674326,0.5373736840674326,6.556356618673021,0.11552781466647315,0.0,0.005112682827121088,0.0
2317,28.9625,2.4483823671444824,6.39643973863393,6.39643973863393,7.025671482248862,0.12390714238718079,0.0,0.06085703222178042,0.0
2318,28.975,2.5283378638774066,12.259503393815834,12.259503393815834,6.67802088804289,0.11770005523261033,0.0,0.11663941560400196,0.0
2319,28.9875,2.6815816563001045,7.411449417099192,7.411449417099192,5.652898181830639,0.09939712094273347,0.0,0.07051404131305525,0.0
2320,29.0,2.7742247740138444,6.736237717698685,6.736237717698685,5.046061679418179,0.08856242909458092,0.0,0.06408993949610989,0.0
2321,29.0125,2.858427745485078,-6.025915058805822,6.025915058805822,7.788375035031726,0.13752474438218532,0.0,0.05733178484970406,0.0
2322,29.025,2.783103807250005,-3.149420803230285,3.149420803230285,7.750313810812814,0.1368451846751869,0.0,0.02996423184361372,0.0
2323,29.0375,2.7437360472096266,-2.4188585897320536,2.4188585897320536,10.930243536306177,0.19362087060958913,0.0,0.023013513946852568,0.0
2324,29.05,2.713500314837976,-7.16119765112424,7.16119765112424,11.210756998657153,0.1986292656414447,0.0,0.06813309497293579,0.0
2325,29.0625,2.623985344198923,-1.6738180806745717,1.6738180806745717,11.794997505625442,0.2090605199134683,1.0,0.0159250465933047,0.0
2326,29.075,2.603062618190491,7.012116830675161,7.012116830675161,12.328486785568108,0.21858564229732722,1.0,0.06671470964227735,0.0
2327,29.0875,2.6907140785739303,1.7289960696912487,1.7289960696912487,12.077283738752687,0.2141005666752411,1.0,0.01645002123431306,0.0
2328,29.1,2.712326529445071,-18.081628142948,18.081628142948,12.451967882520409,0.22079032120051006,1.0,0.17203229788461138,0.0
2329,29.1125,2.486306177658221,-5.619633451934902,5.619633451934902,10.741649123949145,0.19025363357943598,0.0,0.05346633878114769,0.0
2330,29.125,2.4160607595090346,22.025933082866587,22.025933082866587,10.601057546080522,0.18774345758211813,0.0,0.20955921952061785,1.0
2331,29.1375,2.691384923044867,7.4523598032394744,7.4523598032394744,9.219574816252965,0.16307793464188367,0.0,0.07090327107043218,0.0
2332,29.15,2.7845394205853604,-12.601980050636001,12.601980050636001,10.452026223831972,0.1850825951490467,0.0,0.11989780836481045,0.0
2333,29.1625,2.6270146699524104,-10.283901452315156,10.283901452315156,9.883813452082293,0.17493750621385942,0.0,0.09784313581023722,0.0
2334,29.175,2.498465901798471,-0.35121378438034867,0.35121378438034867,16.11167720452535,0.28613217621434034,1.0,0.003341519574345755,0.0
2335,29.1875,2.4940757294937166,8.747296755960967,8.747296755960967,16.501281173496473,0.29308831502576305,1.0,0.0832235653399091,0.0
2336,29.2,2.6034169389432287,3.0979751996409632,3.0979751996409632,17.514679720152426,0.31118192167060527,1.0,0.029474767878778035,0.0
2337,29.2125,2.6421416289387407,2.752352026956686,2.752352026956686,17.856669046611728,0.3172879303777501,1.0,0.02618643852430918,0.0
2338,29.225,2.6765460292756993,16.31216839504539,16.31216839504539,17.996916045096874,0.3197919541224886,1.0,0.15519729696326287,0.0
2339,29.2375,2.8804481342137667,15.795315943862036,15.795315943862036,17.243850369474544,0.3063464304858056,1.0,0.1502798573310888,0.0
2340,29.25,3.077889583512042,-8.146731281425765,8.146731281425765,16.352822490779225,0.2904376767186911,1.0,0.077509662930366,0.0
2341,29.2625,2.97605544249422,37.42899438909628,37.42899438909628,16.097395037223233,0.28587717691712106,1.0,0.3561070862292745,1.0
2342,29.275,3.4439178723579236,-10.088233508106228,10.088233508106228,9.16581912009282,0.1621181598085263,0.0,0.09598151108272351,0.0
2343,29.2875,3.3178149535065957,-18.769363420177072,18.769363420177072,8.443437157017314,0.14922047495359178,0.0,0.17857555157519073,0.0
2344,29.3,3.0831979107543823,-10.313604620267967,10.313604620267967,5.272074319234824,0.09259774552077776,0.0,0.09812573780807599,0.0
2345,29.3125,2.9542778530010327,-6.913920973850054,6.913920973850054,4.256137331563702,0.07445881657567058,0.0,0.06578045423348222,0.0
2346,29.325,2.867853840827907,7.333344747986068,7.333344747986068,3.8147807181363547,0.06657866618488337,0.0,0.06977093756173249,0.0
2347,29.3375,2.959520650177733,-3.163452001735081,3.163452001735081,7.850332596261631,0.1386309584627826,0.0,0.03009772752783929,0.0
2348,29.35,2.9199775001560444,0.24457949144522928,0.24457949144522928,17.727823153216253,0.3149874663395946,1.0,0.0023269791633881323,0.0
2349,29.3625,2.9230347437991098,-0.1361111373859103,0.1361111373859103,23.400785390686426,0.4162747116929047,1.0,0.0012949891208396767,0.0
2350,29.375,2.921333354581786,-0.08707681671541678,0.08707681671541678,30.14113501833149,0.5366195012268518,1.0,0.0008284665934728138,0.0
2351,29.3875,2.920244894372843,2.0770402073524963,2.0770402073524963,31.47471181912719,0.5604296933214694,1.0,0.01976138414332655,0.0
2352,29.4,2.9462078969647494,5.378655884509769,5.378655884509769,32.007645318357895,0.5699448925831606,1.0,0.051173629057496076,0.0
2353,29.4125,3.0134410955211215,4.393754518782487,4.393754518782487,32.704244781738325,0.5823822467919315,1.0,0.04180307659417504,0.0
2354,29.425,3.0683630270059026,20.745585186938413,20.745585186938413,32.851995434175464,0.5850202436546051,1.0,0.19737772851289825,0.0
2355,29.4375,3.3276828418426327,45.06874042621494,45.06874042621494,32.041668843799236,0.5705523616663144,1.0,0.42879318814609546,1.0
2356,29.45,3.8910420971703195,-43.20449240902686,43.20449240902686,30.70321934641209,0.5466551705763695,1.0,0.4110563522987785,1.0
2357,29.4625,3.3509859420574837,-53.73219363268472,53.73219363268472,26.70322868857131,0.4752378019755975,1.0,0.5112190488563252,1.0
2358,29.475,2.6793335216489247,25.639096973226998,25.639096973226998,19.756757106694245,0.3512128319509178,1.0,0.24393559767519382,1.0
2359,29.4875,2.999822233814262,-16.582192070184938,16.582192070184938,19.075883562297392,0.33905625433607084,1.0,0.15776635727963825,0.0
2360,29.5,2.7925448329369504,-19.737175139022654,19.737175139022654,18.31525803566087,0.3254757542175331,1.0,0.18778350965266039,0.0
2361,29.5125,2.5458301436991673,9.838338115613787,9.838338115613787,17.141621705389785,0.30452120067678234,1.0,0.09360395535259874,0.0
2362,29.525,2.6688093701443396,-3.1142914213979367,3.1142914213979367,16.805754636315463,0.2985245011030163,1.0,0.02963000374025336,0.0
2363,29.5375,2.6298807273768654,-36.869288725321674,36.869288725321674,17.27966857555761,0.30698594248602457,1.0,0.35078193239263117,1.0
2364,29.55,2.1690146183103445,5.44298792976921,5.44298792976921,11.486858835633722,0.203558893820464,1.0,0.051785697256560036,0.0
2365,29.5625,2.2370519674324596,17.472402937504903,17.472402937504903,11.577060397440837,0.20516938712882124,1.0,0.16623600502906588,0.0
2366,29.575,2.455457004151271,21.11497932932572,21.11497932932572,10.717587579358442,0.18982402952629407,0.0,0.20089221972119067,1.0
2367,29.5875,2.7193942457678424,-6.887948874418441,6.887948874418441,7.994969145802498,0.14121335493699833,0.0,0.06553335038250238,0.0
2368,29.6,2.633294884837612,-7.5265014908159245,7.5265014908159245,8.09732551138248,0.14304086477753553,0.0,0.07160867020716834,0.0
2369,29.6125,2.539213616202413,2.3618743658218477,2.3618743658218477,7.76652307167524,0.13713459104054648,0.0,0.02247135441868711,0.0
2370,29.625,2.568737045775186,11.786741217910475,11.786741217910475,7.847475604972035,0.13857994864364256,0.0,0.1121414598429967,0.0
2371,29.6375,2.716071310999067,5.121746747003222,5.121746747003222,9.585284402490368,0.16960745397212407,0.0,0.04872934312685979,0.0
2372,29.65,2.780093145336607,-6.802156267930428,6.802156267930428,9.476584502372697,0.16766668423098638,0.0,0.06471710202704666,0.0
2373,29.6625,2.6950661919874768,-12.328491919627993,12.328491919627993,9.1694760219816,0.1621834515385497,0.0,0.11729578650872971,0.0
2374,29.675,2.540960042992127,6.1858820750784815,6.1858820750784815,18.08652374931295,0.3213918444694633,1.0,0.05885374366765838,0.0
2375,29.6875,2.618283568930608,7.7859508125992605,7.7859508125992605,19.515599181869888,0.34690710579267836,1.0,0.07407712396908239,0.0
2376,29.7,2.7156079540880986,-3.829598696453793,3.829598696453793,20.944428487107597,0.37241797266425997,1.0,0.03643558304144211,0.0
2377,29.7125,2.667737970382426,-3.961110008831561,3.961110008831561,26.87043043279331,0.478223086097296,1.0,0.037686808489023935,0.0
2378,29.725,2.6182240952720317,-19.52653830523836,19.52653830523836,26.866425377144566,0.4781515782964035,1.0,0.18577946785683444,0.0
2379,29.7375,2.374142366456552,3.1074271950152266,3.1074271950152266,27.205340336393274,0.48420269607127503,1.0,0.029564696090495154,0.0
2380,29.75,2.4129852063942425,0.677069708395095,0.677069708395095,27.252451586410206,0.4850438384127221,1.0,0.006441779293459222,0.0
2381,29.7625,2.421448577749181,45.785763284523924,45.785763284523924,27.529444446237203,0.4899893752557319,1.0,0.4356150898562462,1.0
2382,29.775,2.9937706188057303,21.636896676517452,21.636896676517452,22.840420265999313,0.40626973766069036,1.0,0.20585784780696964,1.0
2383,29.7875,3.2642318272621984,-22.8714847757972,22.8714847757972,22.41875338751259,0.3987411353554342,1.0,0.21760397077670474,1.0
2384,29.8,2.9783382675647334,-47.764771559299284,47.764771559299284,24.55122032705122,0.4368150186410017,1.0,0.45444377819950504,1.0
2385,29.8125,2.3812786230734924,3.7374643434830546,3.7374643434830546,24.184315788431253,0.4302641641722407,1.0,0.035558998016555966,0.0
2386,29.825,2.4279969273670305,22.975890415224747,22.975890415224747,33.16425553896498,0.5905954554265013,1.0,0.21859730732365934,1.0
2387,29.8375,2.71519555755734,-5.493696476643208,5.493696476643208,32.164747000902494,0.5727498463267641,1.0,0.05226814871348405,0.0
2388,29.85,2.6465243515992998,11.03865824186311,11.03865824186311,32.110019192486064,0.5717727150280378,1.0,0.10502404583799856,0.0
2389,29.8625,2.7845075796225887,14.382350670824025,14.382350670824025,31.954575890729338,0.5689973706515903,1.0,0.13683661755034549,0.0
2390,29.875,2.964286963007889,-17.76178318670098,17.76178318670098,31.553363969945288,0.5618339790127894,1.0,0.16898922773877184,0.0
2391,29.8875,2.7422646731741267,36.392308866407035,36.392308866407035,30.945737520600794,0.5509851831488913,1.0,0.3462438487352828,1.0
2392,29.9,3.1971685340042146,46.2430869100373,46.2430869100373,28.2128769146124,0.5021916408815307,1.0,0.43996616010014294,1.0
2393,29.9125,3.775207120379681,-64.29511927131361,64.29511927131361,23.05117339671202,0.4100326049539857,1.0,0.6117168776818955,1.0
2394,29.925,2.9715181294882607,-2.34869619124936,2.34869619124936,4.088218580841491,0.07146073074469447,0.0,0.02234597457812702,0.0
2395,29.9375,2.9421594270976437,-1.4282031562565223,1.4282031562565223,4.01726317929525,0.07019386576926996,0.0,0.013588216109437487,0.0
2396,29.95,2.924306887644437,6.494973309961338,6.494973309961338,5.931006738446523,0.10436257786447206,0.0,0.06179450071522703,0.0
2397,29.9625,3.005494054018954,-1.7351860206441572,1.7351860206441572,15.43374231177587,0.27402806641400657,1.0,0.016508913690114237,0.0
2398,29.975,2.983804228760902,-3.416443320765019,3.416443320765019,15.506346521577624,0.27532436984491976,1.0,0.03250473853445339,0.0
2399,29.9875,2.941098687251339,-5.569754884118723,5.569754884118723,17.279456509246565,0.3069821561727055,1.0,0.052991783914253285,0.0
2400,30.0,2.871476751199855,4.641600618211363,4.641600618211363,19.00692873314642,0.33782510834811086,1.0,0.044161134932141494,0.0
2401,30.0125,2.929496758927497,4.088746960631298,4.088746960631298,22.365047237092348,0.3977822451307352,1.0,0.03890117247989385,0.0
2402,30.025,2.9806060959353884,0.9567403486105164,0.9567403486105164,24.008768918433418,0.4271298829716655,1.0,0.00910262280305676,0.0
2403,30.0375,2.99256535029302,12.423657436268698,12.423657436268698,24.672024168911477,0.43897189680410736,1.0,0.11820121064297516,0.0
2404,30.05,3.1478610682463786,40.82123423924774,40.82123423924774,28.039777883983874,0.4991010643446577,1.0,0.3883815480080333,1.0
2405,30.0625,3.6581264962369753,-4.580602158425542,4.580602158425542,28.197161519015886,0.5019110521761988,1.0,0.043580783145155455,0.0
2406,30.075,3.600868969256656,-21.834256649256645,21.834256649256645,31.900360510721015,0.568029388446358,1.0,0.20773557083900807,1.0
2407,30.0875,3.327940761140948,-23.075787101740914,23.075787101740914,31.40888688782214,0.5592544297310612,1.0,0.21954774477301797,1.0
2408,30.1,3.0394934223691865,-33.660071905786246,33.660071905786246,30.671981983905013,0.5460974467157121,1.0,0.3202487890545439,1.0
2409,30.1125,2.6187425235468584,-25.030442029636077,25.030442029636077,28.573352770367364,0.5086277151787711,1.0,0.23814473040721432,1.0
2410,30.125,2.3058619981764075,-16.10023866269067,16.10023866269067,27.401903990493025,0.4877122190024947,1.0,0.1531809542667523,0.0
2411,30.1375,2.104609014892774,39.6800983066845,39.6800983066845,27.009025031960515,0.48069760727033883,1.0,0.37752454801192864,1.0
2412,30.15,2.6006102437263303,41.67948363866909,41.67948363866909,23.531780422887643,0.4186135472802444,1.0,0.39654710783335945,1.0
2413,30.1625,3.121603789209694,-42.442980338446574,42.442980338446574,18.418635729013708,0.3273214992361633,1.0,0.40381117114954174,1.0
2414,30.175,2.5910665349791118,-15.093580157467663,15.093580157467663,11.048095679453143,0.19572504801085866,0.0,0.14360339994091892,0.0
2415,30.1875,2.402396783010766,12.903889982357128,12.903889982357128,11.411894653848341,0.20222045454388032,1.0,0.12277024102947777,0.0
2416,30.2,2.56369540779023,-11.761314486639414,11.761314486639414,10.759236883957112,0.19056765219767668,0.0,0.11189954473592371,0.0
2417,30.2125,2.4166789767072374,10.096824169691736,10.096824169691736,10.803673483584754,0.19136104030440926,0.0,0.09606324438910613,0.0
2418,30.225,2.542889278828384,-9.391613917670192,9.391613917670192,10.203578129798373,0.18064670751141537,0.0,0.08935373022434505,0.0
2419,30.2375,2.4254941048575067,12.98338381083962,12.98338381083962,9.653289079769259,0.17082163558384433,0.0,0.12352656152635856,0.0
2420,30.25,2.587786402493002,-4.6033655473905455,4.6033655473905455,22.865035120678485,0.40670922072453974,1.0,0.04379735867034222,0.0
2421,30.2625,2.53024433315062,7.995047729924423,7.995047729924423,22.825252909249585,0.4059989338512936,1.0,0.07606651468565155,0.0
2422,30.275,2.6301824297746754,17.12260300174453,17.12260300174453,28.97822836265191,0.5158565194148415,1.0,0.16290793709884377,0.0
2423,30.2875,2.844214967296482,-7.123839312712121,7.123839312712121,30.24003157965889,0.5383852383942183,1.0,0.06777766012208171,0.0
2424,30.3,2.7551669758875805,-12.082796769461446,12.082796769461446,31.034507502992778,0.5525701164888593,1.0,0.11495819274072931,0.0
2425,30.3125,2.6041320162693125,-1.0464347096544913,1.0464347096544913,31.183541368155005,0.5552310243240877,1.0,0.009955993247117403,0.0
2426,30.325,2.5910515823986313,-0.8867238759154361,0.8867238759154361,31.182173580750405,0.555206603322741,1.0,0.008436471802036008,0.0
2427,30.3375,2.5799675339496884,60.046306991169054,60.046306991169054,31.18590294900555,0.5552731888950856,1.0,0.5712928111069675,1.0
2428,30.35,3.3305463713393015,2.5786990467423365,2.5786990467423365,24.5408423185775,0.43662972569411523,1.0,0.024534268654172978,0.0
2429,30.3625,3.3627801094235807,-51.126169204607415,51.126169204607415,25.011008464890136,0.44502425254357036,1.0,0.4864248009511431,1.0
2430,30.375,2.723702994365988,-29.848917246048572,29.848917246048572,18.1155410612517,0.32190993069510765,1.0,0.28398868634006447,1.0
2431,30.3875,2.350591528790381,20.980902141464917,20.980902141464917,14.781826121732575,0.2623885045190632,1.0,0.19961658201095514,0.0
2432,30.4,2.6128528055586924,14.838286566213235,14.838286566213235,13.170110087582048,0.23361230778843467,1.0,0.14117448464681456,0.0
2433,30.4125,2.798331387636358,0.6423404755126327,0.6423404755126327,12.111917853223371,0.2147189374492992,1.0,0.006111358288818115,0.0
2434,30.425,2.8063606435802657,1.6269687858325454,1.6269687858325454,12.109988680290522,0.21468449325524344,1.0,0.015479312847304024,0.0
2435,30.4375,2.8266977534031725,25.35938041359941,25.35938041359941,12.192541261224045,0.21615841872302366,1.0,0.24127431727894372,1.0
2436,30.45,3.143690008573165,13.893542045779554,13.893542045779554,8.50724218273641,0.15035967437432798,0.0,0.13218599259957114,0.0
2437,30.4625,3.3173592841454096,-15.325255156990707,15.325255156990707,7.188379359155084,0.12681219127685325,0.0,0.14580760313629929,0.0
2438,30.475,3.1257935946830258,-3.687045588458062,3.687045588458062,5.77613117846293,0.10159737016756962,0.0,0.035079303698386195,0.0
2439,30.4875,3.0797055248273,-8.932725478647967,8.932725478647967,18.125844080611692,0.322093884757573,1.0,0.0849877720255827,0.0
2440,30.5,2.9680464563442004,-2.479673997659617,2.479673997659617,19.60683775021893,0.3485361142138899,1.0,0.02359212414112587,0.0
2441,30.5125,2.937050531373455,-0.19691448588162075,0.19691448588162075,19.82742136385865,0.3524744987227933,1.0,0.0018734845792188189,0.0
2442,30.525,2.934589100299935,-4.323993523256426,4.323993523256426,20.01873964921503,0.3558903688270349,1.0,0.04113935625504469,0.0
2443,30.5375,2.8805391812592296,5.728789763491129,5.728789763491129,26.52019631021071,0.4719698716354024,1.0,0.05450487419163007,0.0
2444,30.55,2.9521490533028687,5.237130571316797,5.237130571316797,27.654703968591203,0.49222580684868494,1.0,0.049827128363811486,0.0
2445,30.5625,3.0176131854443287,9.401627213644872,9.401627213644872,27.659136597029306,0.49230494869828245,1.0,0.08944899876445131,0.0
2446,30.575,3.1351335256148896,48.73453152665,48.73453152665,27.716759411984995,0.49333376855500827,1.0,0.46367027231059615,1.0
2447,30.5875,3.7443151696980146,-22.95318034406126,22.95318034406126,22.9614392320003,0.4084304567327799,1.0,0.2183812390749103,1.0
2448,30.6,3.457400415397249,-8.702711884658463,8.702711884658463,21.56500660523401,0.38349801259408617,1.0,0.08279937578129068,0.0
2449,30.6125,3.348616516839018,-7.811860785958338,7.811860785958338,21.92522485269244,0.38992948745391737,1.0,0.07432363673993758,0.0
2450,30.625,3.250968257014539,-49.388904842096295,49.388904842096295,22.110258408272923,0.3932331475803478,1.0,0.46989611349263055,1.0
2451,30.6375,2.633606946488335,-22.90226508930246,22.90226508930246,13.81595796697049,0.24514352373562634,1.0,0.2178968209570124,1.0
2452,30.65,2.3473286328720544,5.421164288482352,5.421164288482352,11.571436509029473,0.2050689760663962,1.0,0.05157806268244389,0.0
2453,30.6625,2.415093186478084,10.673233546316254,10.673233546316254,12.163837618887937,0.2156459328748669,1.0,0.10154732075651146,0.0
2454,30.675,2.548508605807037,21.14535593329922,21.14535593329922,11.668611722286956,0.20680397962458313,1.0,0.20118122892667697,1.0
2455,30.6875,2.8128255549732772,-5.424300336315504,5.424300336315504,9.05421972464845,0.16012562136485498,0.0,0.05160789968112277,0.0
2456,30.7,2.7450218007693334,-14.179738848302605,14.179738848302605,8.850838992778083,0.1564943837103847,0.0,0.13490892734836868,0.0
2457,30.7125,2.567775065165551,11.234300390101879,11.234300390101879,7.332126885817135,0.12937871479533936,0.0,0.1068854251373911,0.0
2458,30.725,2.7082038200418244,-7.443202457113323,7.443202457113323,6.199939301165702,0.10916420306897531,0.0,0.07081614621175505,0.0
2459,30.7375,2.615163789327908,-8.285730681112007,8.285730681112007,6.661931125333145,0.11741278243313807,0.0,0.07883213156778965,0.0
2460,30.75,2.5115921558140077,11.911147893133638,11.911147893133638,7.48992715063438,0.13219614129498924,0.0,0.11332509032370494,0.0
2461,30.7625,2.660481504478178,-4.415693104005776,4.415693104005776,12.056502267911265,0.21372952631787456,1.0,0.04201180476834511,0.0
2462,30.775,2.605285340678106,3.7020588757712147,3.7020588757712147,11.995506782880407,0.21264048951502784,1.0,0.035222143175830646,0.0
2463,30.7875,2.651561076625246,0.5391498581059295,0.5391498581059295,11.923973849709713,0.21136331306829495,1.0,0.005129581709172526,0.0
2464,30.8,2.6583004498515703,-2.1087589134830864,2.1087589134830864,11.95556362760432,0.21192732908855574,1.0,0.020063162382455986,0.0
2465,30.8125,2.6319409634330317,-1.908613790785303,1.908613790785303,12.211084144070767,0.21648949047105123,1.0,0.018158940865682576,0.0
2466,30.825,2.6080832910482155,-10.145831393332223,10.145831393332223,12.691701329076711,0.22507061417696592,1.0,0.0965295091098031,0.0
2467,30.8375,2.4812603986315627,-12.743421524258736,12.743421524258736,12.352073219049998,0.21900676353436108,1.0,0.12124351139172479,0.0
2468,30.85,2.3219676295783285,29.256748791463778,29.256748791463778,12.02889450500899,0.2132366067217826,1.0,0.2783546748908946,1.0
2469,30.8625,2.6876769894716257,-2.7860068062743437,2.7860068062743437,9.134544363161938,0.1615597682934726,0.0,0.02650663695860085,0.0
2470,30.875,2.6528519043931964,0.13036503797444254,0.13036503797444254,9.993914906554634,0.17690329984443176,0.0,0.0012403195591269092,0.0
2471,30.8875,2.654481467367877,-2.5150500691975353,2.5150500691975353,10.540535885563685,0.1866628806240222,0.0,0.023928699300657174,0.0
2472,30.9,2.6230433415029077,7.33808276828789,7.33808276828789,11.291485468864405,0.2000706227361335,1.0,0.0698160160531992,0.0
2473,30.9125,2.7147693761065064,-9.969576712461965,9.969576712461965,12.261660021775429,0.21739249160513166,1.0,0.09485258612901194,0.0
2474,30.925,2.590149667200732,5.90705816123414,5.90705816123414,11.781028526605882,0.20881111240006303,1.0,0.05620095608544442,0.0
2475,30.9375,2.6639878942161586,9.967924246092927,9.967924246092927,11.665021453065252,0.20673987757977466,1.0,0.09483686422695782,0.0
2476,30.95,2.78858694729232,19.129091236290385,19.129091236290385,11.224971926754893,0.19888306442409928,0.0,0.1819980753838734,0.0
2477,30.9625,3.02770058774595,-11.801241859213718,11.801241859213718,8.989395432989541,0.15896822357878432,0.0,0.11227942190174915,0.0
2478,30.975,2.8801850645057785,-9.476997826650226,9.476997826650226,8.975374802548664,0.1587178938610765,0.0,0.09016609014835635,0.0
2479,30.9875,2.7617225916726507,11.725333921058798,11.725333921058798,8.92415700543251,0.1578034316514226,0.0,0.11155721829678414,0.0
2480,31.0,2.9082892656858856,15.383522284655164,15.383522284655164,7.907315636023579,0.1396483555276218,0.0,0.14636196847242983,0.0
2481,31.0125,3.100583294244075,-2.635730082240997,2.635730082240997,6.239637788537237,0.10987299510076383,0.0,0.025076873557338175,0.0
2482,31.025,3.0676366682160627,-3.624096434474531,3.624096434474531,6.200954518459799,0.1091823291482351,0.0,0.03448039260896073,0.0
2483,31.0375,3.022335462785131,-4.333320646288499,4.333320646288499,6.198468469951316,0.10913794228389538,0.0,0.0412280964058306,0.0
2484,31.05,2.968168954706525,2.0966677085469954,2.0966677085469954,6.662444987655228,0.1174219571282825,0.0,0.019948124192703105,0.0
2485,31.0625,2.9943773010633623,-11.71555761303047,11.71555761303047,6.80259802502282,0.11992430325516126,0.0,0.11146420450833296,0.0
2486,31.075,2.8479328309004814,9.081811003176092,9.081811003176092,5.401470848855856,0.0949080408294659,0.0,0.08640620211180858,0.0
2487,31.0875,2.9614554684401826,0.7509687350847472,0.7509687350847472,4.420501917174887,0.07739344497848882,0.0,0.0071448697050279,0.0
2488,31.1,2.970842577628742,6.921869053802823,6.921869053802823,4.539315241645009,0.07951478368005126,0.0,0.06585607388715697,0.0
2489,31.1125,3.057365940801277,-1.7598666794252082,1.7598666794252082,3.839177293065984,0.06701425199829779,0.0,0.01674373051135642,0.0
2490,31.125,3.035367607308462,-3.5899123151074264,3.5899123151074264,3.9917391344562514,0.06973814967531455,0.0,0.03415515792548017,0.0
2491,31.1375,2.9904937033696193,-8.15567057622875,8.15567057622875,4.933969154304354,0.0865610861245034,0.0,0.07759471320428314,0.0
2492,31.15,2.88854782116676,4.4151272792707275,4.4151272792707275,4.90553230230732,0.08605336365346791,0.0,0.04200642139641639,0.0
2493,31.1625,2.943736912157644,0.6772515870767748,0.6772515870767748,9.62638180739189,0.1703412228144672,0.0,0.006443509724330726,0.0
2494,31.175,2.9522025569961037,2.3235511716053026,2.3235511716053026,10.566887016880502,0.18713336383742957,0.0,0.022106739732928198,0.0
2495,31.1875,2.98124694664117,-3.0133568237673813,3.0133568237673813,15.681226690116961,0.27844674750174175,1.0,0.028669691392871347,0.0
2496,31.2,2.9435799863440777,-0.991698842640929,0.991698842640929,17.266730960220226,0.3067549493356896,1.0,0.00943522504501708,0.0
2497,31.2125,2.931183750811066,3.557347743614585,3.557347743614585,17.285648955694892,0.3070927184885634,1.0,0.03384533195078076,0.0
2498,31.225,2.9756505976062484,8.953660302623625,8.953660302623625,17.31352851105172,0.30759049077146644,1.0,0.08518695021052657,0.0
2499,31.2375,3.0875713513890437,8.017264307405192,8.017264307405192,18.354662853449334,0.3261793029598604,1.0,0.07627788773485558,0.0
2500,31.25,3.1877871552316086,23.839404043595565,23.839404043595565,18.570574902129533,0.3300342795547971,1.0,0.22681295209684568,1.0
2501,31.2625,3.485779705776553,-12.344782943367427,12.344782943367427,17.053751404651816,0.30295233059840776,1.0,0.11745078263112706,0.0
2502,31.275,3.3314699189844603,-32.85320447508308,32.85320447508308,18.059539982182326,0.32091006593339905,1.0,0.3125720877589112,1.0
2503,31.2875,2.920804863045922,-20.663817162220397,20.663817162220397,14.77097588996119,0.2621947803161574,1.0,0.1965997708492123,0.0
2504,31.3,2.662507148518167,-2.492541018639791,2.492541018639791,12.854462650013314,0.22797661727687132,1.0,0.023714543602949178,0.0
2505,31.3125,2.6313503857851694,4.513490936833584,4.513490936833584,13.306111971737822,0.23604053763245025,1.0,0.04294227329565329,0.0
2506,31.325,2.6877690224955892,-19.42295200274959,19.42295200274959,13.335271127944079,0.23656115640009354,1.0,0.1847939266486184,0.0
2507,31.3375,2.4449821224612194,11.316243052766097,11.316243052766097,11.47381952634688,0.20332608498732022,1.0,0.10766504434211448,0.0
2508,31.35,2.5864351606207956,11.663218396406911,11.663218396406911,10.763520985234276,0.19064414218633066,0.0,0.11096623852683794,0.0
2509,31.3625,2.732225390575882,20.85488060598479,20.85488060598479,10.161355669467987,0.179892851497593,0.0,0.19841758742041277,0.0
2510,31.375,2.992911398150692,-14.683698419396976,14.683698419396976,6.991993068571841,0.12330583506193833,0.0,0.13970370148988429,0.0
2511,31.3875,2.8093651679082297,1.8539660039641248,1.8539660039641248,6.830484469987355,0.12042219854776487,0.0,0.017639010676496477,0.0
2512,31.4,2.832539742957781,-10.036732884773834,10.036732884773834,7.139136912664995,0.12593299773551514,0.0,0.09549152364883101,0.0
2513,31.4125,2.7070805818981083,5.1561926309742745,5.1561926309742745,6.622406454414154,0.1167070937870127,0.0,0.04905706829216898,0.0
2514,31.425,2.7715329897852867,-2.793508947598724,2.793508947598724,8.859055118219905,0.15664107756778123,0.0,0.026578013861216318,0.0
2515,31.4375,2.7366141279403027,1.3023642503058852,1.3023642503058852,8.837856192059624,0.15626258380291166,0.0,0.01239095909348582,0.0
2516,31.45,2.7528936810691262,-5.9353840395621305,5.9353840395621305,12.712382896413912,0.22543987081882014,1.0,0.05647045426889559,0.0
2517,31.4625,2.6787013805745996,0.06774456509745619,0.06774456509745619,16.240653322011234,0.28843496532339247,1.0,0.0006445356087833438,0.0
2518,31.475,2.679548187638318,-14.062411153925751,14.062411153925751,17.053425397547304,0.30294650994242606,1.0,0.13379264773518432,0.0
2519,31.4875,2.503768048214246,6.158835283408237,6.158835283408237,16.58674651548079,0.29461424604740694,1.0,0.058596414975537636,0.0
2520,31.5,2.580753489256849,-6.621777564810181,6.621777564810181,16.50479249941869,0.2931510075866001,1.0,0.0630009422574783,0.0
2521,31.5125,2.4979812696967216,17.424093811996357,17.424093811996357,17.01136922261149,0.3021956228518669,1.0,0.16577638215637272,0.0
2522,31.525,2.715782442346676,-2.1914488612013727,2.1914488612013727,15.971914556286718,0.2836368002448209,1.0,0.02084989140959192,0.0
2523,31.5375,2.688389331581659,-25.87802093106344,25.87802093106344,17.066307517253236,0.303176512252455,1.0,0.2462087689383867,1.0
2524,31.55,2.364914069943366,29.196950441147607,29.196950441147607,14.491731339296164,0.25720904092061436,1.0,0.27778574119016414,1.0
2525,31.5625,2.729875950457711,-14.713550524525196,14.713550524525196,13.745042207908286,0.2438773665523286,1.0,0.1399877205063855,0.0
2526,31.575,2.545956568901146,8.494595040075588,8.494595040075588,12.784584228291612,0.22672898111263265,1.0,0.08081930967667664,0.0
2527,31.5875,2.652139006902091,-4.029314568084814,4.029314568084814,13.414346986712792,0.23797300713580405,1.0,0.03833572057602095,0.0
2528,31.6,2.6017725748010307,13.404327553107294,13.404327553107294,13.983348951740272,0.24813218663070494,1.0,0.12753150614140962,0.0
2529,31.6125,2.769326669214872,-5.414981005666668,5.414981005666668,15.158021720690192,0.26910524514546436,1.0,0.05151923366866022,0.0
2530,31.625,2.7016394066440386,17.14808530280589,17.14808530280589,15.649203605768387,0.27787499506172725,1.0,0.16315038090823508,0.0
2531,31.6375,2.915990472929112,-4.436594054410605,4.436594054410605,14.721243771767364,0.2613068439882604,1.0,0.04221066067322763,0.0
2532,31.65,2.8605330472489796,-26.149362893913164,26.149362893913164,17.867254782636717,0.31747693217207307,1.0,0.24879037171290036,1.0
2533,31.6625,2.533666011075065,3.5558174563065847,3.5558174563065847,15.496561350417899,0.2751496616429978,1.0,0.033830772485231655,0.0
2534,31.675,2.5781137292788974,14.288143140802454,14.288143140802454,15.447800312616584,0.2742790633571777,1.0,0.13594030789617503,0.0
2535,31.6875,2.756715518538928,11.872241511114154,11.872241511114154,14.602031491514262,0.2591783821770095,1.0,0.11295492707024822,0.0
2536,31.7,2.905118537427855,21.296210784579266,21.296210784579266,13.987790219767913,0.24821148273485036,1.0,0.2026164927484733,1.0
2537,31.7125,3.171321172235096,12.262855596098312,12.262855596098312,11.792808708540035,0.20902144029013606,1.0,0.11667130914019624,0.0
2538,31.725,3.3246068671863247,-8.282293589118197,8.282293589118197,10.974765825102217,0.19441578864362605,0.0,0.07879943037356857,0.0
2539,31.7375,3.2210781973223472,-28.98057226906456,28.98057226906456,10.57755584923898,0.1873238492655872,0.0,0.2757270751308228,1.0
2540,31.75,2.8588210439590402,7.143258466165996,7.143258466165996,3.1789068455061344,0.05522552998287367,0.0,0.06796241790856161,0.0
2541,31.7625,2.948111774786115,-0.7568383395839717,0.7568383395839717,1.9434936623717138,0.03316798879806727,0.0,0.007200714319334342,0.0
2542,31.775,2.9386512955413155,-0.9106853779642066,0.9106853779642066,9.216397804697738,0.16302121105808134,0.0,0.00866444641945587,0.0
2543,31.7875,2.927267728316763,0.6795078533081167,0.6795078533081167,9.699214312299308,0.17164160231382794,0.0,0.006464976301419282,0.0
2544,31.8,2.9357615764831144,-0.9083445453639172,0.9083445453639172,10.644853506070989,0.18852540746285915,0.0,0.008642175260685909,0.0
2545,31.8125,2.9244072696660655,-1.174226897865509,1.174226897865509,14.372705598691185,0.2550839096598443,1.0,0.011171834188864579,0.0
2546,31.825,2.9097294334427466,-0.3316771319431666,0.3316771319431666,16.51736044972182,0.29337540059551764,1.0,0.0031556438785748393,0.0
2547,31.8375,2.905583469293457,5.063561686358895,5.063561686358895,16.73224642206274,0.2972120572296336,1.0,0.04817575859309628,0.0
2548,31.85,2.968877990372943,0.632370603869461,0.632370603869461,18.224548484020964,0.3238561910637094,1.0,0.00601650289665818,0.0
2549,31.8625,2.9767826229213115,25.49296709491326,25.49296709491326,18.670072474843373,0.3318107474101551,1.0,0.24254528820985316,1.0
2550,31.875,3.2954447116077272,8.596016874659647,8.596016874659647,16.486106437140553,0.29281737945804465,1.0,0.08178425769580586,0.0
2551,31.8875,3.402894922540973,12.424448238900112,12.424448238900112,16.289732353185386,0.2893112411849529,1.0,0.11820873450049395,0.0
2552,31.9,3.558200525527224,-27.32982199540622,27.32982199540622,15.845472860745241,0.28137926167800165,1.0,0.26002150035813004,1.0
2553,31.9125,3.2165777505846465,-23.051400148423866,23.051400148423866,13.548072440052167,0.24036059271021606,1.0,0.2193157223254613,1.0
2554,31.925,2.928435248729348,-7.56762859425784,7.56762859425784,12.946604865042014,0.2296217597527661,1.0,0.07199996185715231,0.0
2555,31.9375,2.833839891301125,-21.046815291011534,21.046815291011534,18.705919759232426,0.3324507785856108,1.0,0.20024369315867216,1.0
2556,31.95,2.570754700163481,11.484746524692007,11.484746524692007,19.674862828696245,0.34975066007643785,1.0,0.10926822074015664,0.0
2557,31.9625,2.714314031722131,5.970943411967191,5.970943411967191,21.17415004529677,0.3765195095427476,1.0,0.05680877339026095,0.0
2558,31.975,2.788950824371721,4.7329592817743205,4.7329592817743205,22.38480217829924,0.39813495743397354,1.0,0.04503033988980081,0.0
2559,31.9875,2.8481128153939,6.336872602372736,6.336872602372736,22.5997591400785,0.401972881540771,1.0,0.0602902983387249,0.0
2560,32.0,2.927323722923559,-14.376690286115448,14.376690286115448,22.71309194144762,0.40399636887919027,1.0,0.13678276349579746,0.0
2561,32.0125,2.747615094347116,-20.096804082435185,20.096804082435185,22.1503129499438,0.3939482967422681,1.0,0.19120509276630282,0.0
2562,32.025,2.4964050433166762,-38.9312709091179,38.9312709091179,21.246235089740264,0.37780654359607285,1.0,0.37040005142877236,1.0
2563,32.0375,2.0097641569527025,27.211739749735315,27.211739749735315,16.579506180651688,0.29448497433016696,1.0,0.258898041790044,1.0
2564,32.05,2.349910903824394,24.937013157919488,24.937013157919488,13.52940641339225,0.240027322305279,1.0,0.23725582906696416,1.0
2565,32.0625,2.6616235682983875,21.3899526085428,21.3899526085428,10.298160727481639,0.1823354215159652,0.0,0.20350837158022722,1.0
2566,32.075,2.9289979759051725,-9.987935752031305,9.987935752031305,7.006391024879557,0.12356290170050917,0.0,0.09502725777578508,0.0
2567,32.0875,2.804148779004781,-9.013290918828183,9.013290918828183,6.4964043560634765,0.1144574039571773,0.0,0.08575428805470994,0.0
2568,32.1,2.691482642519429,-2.168817535259109,2.168817535259109,5.9829578895858955,0.10529013365835428,0.0,0.020634572358937637,0.0
2569,32.1125,2.66437242332869,9.487395216406078,9.487395216406078,7.040617495042051,0.12417399423661465,0.0,0.09026501303503227,0.0
2570,32.125,2.782964863533766,-10.171726119257478,10.171726119257478,6.342000435067255,0.11170061708379392,0.0,0.09677587681346318,0.0
2571,32.1375,2.6558182870430476,-2.4077545230151287,2.4077545230151287,5.307340549557191,0.09322740233388936,0.0,0.022907867591442827,0.0
2572,32.15,2.6257213555053585,2.4316325792965188,2.4316325792965188,8.991639468260002,0.15900828944587567,0.0,0.023135048288813142,0.0
2573,32.1625,2.656116762746565,-1.352508481100223,1.352508481100223,9.783395116377987,0.17314459870263493,0.0,0.012868041532136158,0.0
2574,32.175,2.639210406732812,6.683479295879273,6.683479295879273,10.381630535124527,0.18382572350149176,0.0,0.06358798511088497,0.0
2575,32.1875,2.722753897931303,-5.475357303048938,5.475357303048938,14.935324438597743,0.26512912238867475,1.0,0.05209366607564938,0.0
2576,32.2,2.6543119316431913,-10.719134588422712,10.719134588422712,18.63476474914484,0.3311803497226694,1.0,0.1019840326325906,0.0
2577,32.2125,2.5203227492879074,3.900777672143505,3.900777672143505,18.572841718460747,0.3300747521636916,1.0,0.037112794333045276,0.0
2578,32.225,2.5690824701897013,2.653142621464397,2.653142621464397,18.53050190616967,0.3293188009029175,1.0,0.025242540006782097,0.0
2579,32.2375,2.6022467529580062,-20.670051155927887,20.670051155927887,20.431929294208597,0.36326761535151975,1.0,0.19665908233676302,0.0
2580,32.25,2.3438711135089076,-11.172947436047345,11.172947436047345,26.171559515492422,0.46574517647833213,1.0,0.10630170061963372,0.0
2581,32.2625,2.204209270558316,9.916488275026545,9.916488275026545,29.417257897414853,0.5236951212499057,1.0,0.09434749190790992,0.0
2582,32.275,2.3281653739961476,31.095887246470504,31.095887246470504,36.37399642613815,0.6479034012845437,1.0,0.29585261324254447,1.0
2583,32.2875,2.716863964577029,31.992246981955184,31.992246981955184,34.673540861693866,0.6175428149173979,1.0,0.3043807625777476,1.0
2584,32.3,3.1167670518514687,9.821801477779886,9.821801477779886,34.5899838655257,0.6160509562344738,1.0,0.09344662240761385,0.0
2585,32.3125,3.2395395703237173,-1.6274143946723285,1.6274143946723285,34.72707159743231,0.6184985732210352,1.0,0.015483552460687262,0.0
2586,32.325,3.219196890390313,-24.489039100823966,24.489039100823966,34.72996610806471,0.6185502529249235,1.0,0.23299371252383133,1.0
2587,32.3375,2.9130839016300136,-50.66700461941732,50.66700461941732,33.634188231999715,0.5989858141115217,1.0,0.4820562154414199,1.0
2588,32.35,2.279746343887297,39.60089686167617,39.60089686167617,28.488679446604316,0.5071159251544658,1.0,0.37677100931105234,1.0
2589,32.3625,2.7747575546582492,61.317837291886725,61.317837291886725,25.04312757797221,0.4455977195174534,1.0,0.5833904097155134,1.0
2590,32.375,3.5412305208068333,0.6698975115293493,0.6698975115293493,12.856075757092832,0.22800541830985988,1.0,0.006373541549715097,0.0
2591,32.3875,3.54960423970095,-31.260266319924632,31.260266319924632,13.155089328579058,0.2333441213914797,1.0,0.29741654927235855,1.0
2592,32.4,3.1588509107018923,-13.133465939949325,13.133465939949325,7.673104130632763,0.13546665340833064,0.0,0.12495447351183024,0.0
2593,32.4125,2.9946825864525257,2.0632088321484687,2.0632088321484687,6.117734967862808,0.10769649534806713,0.0,0.01962978961873828,0.0
2594,32.425,3.0204726968543816,-0.6462301043777074,0.6462301043777074,6.081481232533818,0.10704920724151368,0.0,0.006148365011126918,0.0
2595,32.4375,3.0123948205496602,-3.1488515033821685,3.1488515033821685,6.12950067825311,0.10790656485764137,0.0,0.029958815408750523,0.0
2596,32.45,2.973034176757383,-9.625907253389165,9.625907253389165,6.030019731024371,0.10613039384007607,0.0,0.09158284480430091,0.0
2597,32.4625,2.8527103360900186,8.052374186439444,8.052374186439444,4.977938697343153,0.08734613522361918,0.0,0.07661193028461727,0.0
2598,32.475,2.9533650134205116,-7.91645713954356,7.91645713954356,4.0897929279725025,0.07148883974268441,0.0,0.0753187877802843,0.0
2599,32.4875,2.854409299176217,7.985328073769153,7.985328073769153,2.982342672237471,0.05171599778221298,0.0,0.07597403989467476,0.0
2600,32.5,2.9542259000983315,-0.9429531778573619,0.9429531778573619,1.4156949322249186,0.023744467674580324,0.0,0.008971448848629557,0.0
2601,32.5125,2.9424389853751145,-0.8477578912950534,0.8477578912950534,1.3785688105661815,0.02308160364763022,0.0,0.00806574147727843,0.0
2602,32.525,2.9318420117339263,2.2602057455369717,2.2602057455369717,2.81493684336204,0.048727069854774235,0.0,0.021504058430068595,0.0
2603,32.5375,2.9600945835531385,-0.48799684943173105,0.48799684943173105,12.361329101597065,0.2191720216142252,1.0,0.004642901552033806,0.0
2604,32.55,2.953994622935242,0.08930954347594167,0.08930954347594167,13.999126272991301,0.24841388098044268,1.0,0.0008497092112351619,0.0
2605,32.5625,2.955110992228691,-0.6426431295329138,0.6426431295329138,17.092624425041922,0.3036463844258545,1.0,0.006114237800893098,0.0
2606,32.575,2.9470779531095297,-0.11826499848805128,0.11826499848805128,21.993158276589817,0.39114239688041347,1.0,0.0011251973156606722,0.0
2607,32.5875,2.945599640628429,2.940078069976373,2.940078069976373,22.333946752345625,0.39722696513815176,1.0,0.027972502384164495,0.0
2608,32.6,2.9823506165031337,-0.24339122897018228,0.24339122897018228,22.690817835070046,0.4035986784340134,1.0,0.002315673791855419,0.0
2609,32.6125,2.9793082261410064,6.993284863028428,6.993284863028428,22.70577618196463,0.4038657505012281,1.0,0.06653553846132264,0.0
2610,32.625,3.066724286928862,34.119455327117194,34.119455327117194,23.284110644269205,0.41419155598479157,1.0,0.32461945661594266,1.0
2611,32.6375,3.4932174785178267,18.590932599479082,18.590932599479082,21.198961019171424,0.37696249419399347,1.0,0.17687792435625668,0.0
2612,32.65,3.7256041360113152,-27.73925310497077,27.73925310497077,20.20845201680967,0.3592775662591272,1.0,0.263916911437652,1.0
2613,32.6625,3.3788634721991806,-39.15025670593575,39.15025670593575,19.416565842585424,0.3451389265391644,1.0,0.3724835269616635,1.0
2614,32.675,2.8894852633749837,-10.993785474971531,10.993785474971531,17.530786341580768,0.31146949547211056,1.0,0.10459711718202962,0.0
2615,32.6875,2.7520629449378395,-11.712743101397791,11.712743101397791,17.120654910828378,0.3041468514785827,1.0,0.11143742667064242,0.0
2616,32.7,2.605653656170367,-2.3434383498305777,2.3434383498305777,17.686116524704975,0.31424282018507255,1.0,0.022295950402536464,0.0
2617,32.7125,2.576360676797485,16.176721699041714,16.176721699041714,17.680783048315316,0.31414759425035765,1.0,0.15390862947324602,0.0
2618,32.725,2.7785696980355064,20.54522694450899,20.54522694450899,17.814784741328967,0.31654011191394876,1.0,0.19547147933153242,0.0
2619,32.7375,3.0353850348418687,4.184190710898399,4.184190710898399,16.308888883624657,0.28965326923264634,1.0,0.03980924378560634,0.0
2620,32.75,3.0876874187280987,-22.769236536425197,22.769236536425197,16.38024461909842,0.29092728192368095,1.0,0.21663116017387848,1.0
2621,32.7625,2.8030719620227837,-31.230531939406134,31.230531939406134,17.566375171258503,0.3121049120979426,1.0,0.2971336503118041,1.0
2622,32.775,2.412690312780207,2.677715003847645,2.677715003847645,13.66578416911727,0.2424622631045701,1.0,0.025476326664292698,0.0
2623,32.7875,2.4461617503283026,17.1651826718362,17.1651826718362,13.996151894051481,0.24836077527713632,1.0,0.16331304876418323,0.0
2624,32.8,2.660726533726255,-1.9956640771109946,1.9956640771109946,12.767427121899066,0.226422651549348,1.0,0.018987155043616696,0.0
2625,32.8125,2.6357807327623677,-17.3129447048904,17.3129447048904,12.981003167794535,0.23023592025389183,1.0,0.16471888688260122,0.0
2626,32.825,2.4193689239512377,-3.3185478917150846,3.3185478917150846,11.70916503145554,0.20752803397285935,1.0,0.031573341456783234,0.0
2627,32.8375,2.377887075304799,6.0139761564095195,6.0139761564095195,11.667867305855747,0.20679068852787622,1.0,0.057218195697376704,0.0
2628,32.85,2.453061777259918,28.992397545889794,28.992397545889794,11.637597084764382,0.20625023238129214,1.0,0.27583958322629315,1.0
2629,32.8625,2.8154667465835406,0.8689577746809007,0.8689577746809007,6.823575139131864,0.12029883670252556,0.0,0.008267441491509478,0.0
2630,32.875,2.826328718767052,-8.959857404978493,8.959857404978493,6.817749790190749,0.12019482868647176,0.0,0.08524591070622452,0.0
2631,32.8875,2.7143305012048207,-5.618088280781102,5.618088280781102,7.455088044847565,0.13157411052728707,0.0,0.0534516377076541,0.0
2632,32.9,2.644104397695057,6.926518500875751,6.926518500875751,7.326202763247014,0.12927294323699906,0.0,0.06590030967485958,0.0
2633,32.9125,2.730685878956004,-6.96583622310694,6.96583622310694,7.421853418287005,0.1309807267475695,0.0,0.06627438650298295,0.0
2634,32.925,2.643612926167167,-1.8136741645555432,1.8136741645555432,7.007057344705686,0.12357479843045162,0.0,0.017255665898877025,0.0
2635,32.9375,2.6209419991102227,5.524872553456248,5.524872553456248,7.1812905858147715,0.12668562559661098,0.0,0.05256476426661753,0.0
2636,32.95,2.690002906028426,-11.383286416295277,11.383286416295277,7.83673083042852,0.13838810731456289,0.0,0.10830290857616778,0.0
2637,32.9625,2.547711825824735,0.3454906544594749,0.3454906544594749,6.746679593246157,0.11892591410994091,0.0,0.0032870685490511064,0.0
2638,32.975,2.5520304590054783,12.37142066036931,12.37142066036931,6.761183006234033,0.11918486361255887,0.0,0.11770421930342258,0.0
2639,32.9875,2.7066732172600947,4.040072933114303,4.040072933114303,5.170853494484719,0.09079051006209432,0.0,0.03843807785507085,0.0
2640,33.0,2.7571741289240235,-7.698178253172401,7.698178253172401,5.117055504464873,0.08982998009793135,0.0,0.07324203793755679,0.0
2641,33.0125,2.6609469007593685,-0.8015173377987495,0.8015173377987495,5.856229094100971,0.10302746909894148,0.0,0.007625799420593234,0.0
2642,33.025,2.650927934036884,-4.802714726331345,4.802714726331345,5.869826905472438,0.10327024964268505,0.0,0.04569400741587964,0.0
2643,33.0375,2.5908939999577423,10.453302912350253,10.453302912350253,6.145714200309627,0.1081960473039959,0.0,0.09945485585029411,0.0
2644,33.05,2.7215602863621204,-1.5510941422410696,1.5510941422410696,11.253581758880724,0.1993938753487527,0.0,0.014757426013606018,0.0
2645,33.0625,2.702171609584107,-1.2987088477517972,1.2987088477517972,12.04128978009533,0.21345791672109818,1.0,0.012356180848070001,0.0
2646,33.075,2.6859377489872096,1.1158364113562058,1.1158364113562058,12.079304375388633,0.21413664389736028,1.0,0.010616295191525255,0.0
2647,33.0875,2.699885704129162,-3.4488314977218337,3.4488314977218337,14.917489812783161,0.2648106961335634,1.0,0.03281288625556153,0.0
2648,33.1,2.6567753104076393,11.142317790844949,11.142317790844949,15.395807056694418,0.27335075580834156,1.0,0.10601028392828817,0.0
2649,33.1125,2.796054282793201,1.384925854946637,1.384925854946637,14.894036664636895,0.26439195462407333,1.0,0.013176467038406628,0.0
2650,33.125,2.813365855980034,-7.041700774383557,7.041700774383557,14.920078828280507,0.26485692141004613,1.0,0.06699617731633907,0.0
2651,33.1375,2.7253445963002396,-28.640145543498114,28.640145543498114,14.834851326647547,0.2633352368813303,1.0,0.27248818583404394,1.0
2652,33.15,2.367342777006513,12.214841396981662,12.214841396981662,12.153388258907997,0.21545936599080015,1.0,0.11621449225734556,0.0
2653,33.1625,2.520028294468784,3.0036846824636143,3.0036846824636143,13.884662208819565,0.2463701956417104,1.0,0.028577668667882358,0.0
2654,33.175,2.557574352999579,24.783469407380387,24.783469407380387,14.117455488758102,0.250526576219391,1.0,0.2357949825092185,1.0
2655,33.1875,2.867367720591834,-11.308820433602094,11.308820433602094,18.158770076558756,0.32268175812784944,1.0,0.10759442402955131,0.0
2656,33.2,2.726007465171808,-1.6008971474994027,1.6008971474994027,26.576012520269163,0.47296643567482805,1.0,0.01523126196291415,0.0
2657,33.2125,2.7059962508280653,-2.8512124123167126,2.8512124123167126,27.600121551440967,0.49125127142143377,1.0,0.027127016393115565,0.0
2658,33.225,2.6703560956741064,-5.412766661238209,5.412766661238209,30.715108784959643,0.5468674491759562,1.0,0.051498165944154205,0.0
2659,33.2375,2.6026965124086288,15.534290941557813,15.534290941557813,30.923142778564756,0.5505817679515923,1.0,0.14779641222334033,0.0
2660,33.25,2.7968751491781014,22.579511469548947,22.579511469548947,32.072239061467656,0.5710981740669387,1.0,0.21482607719335262,1.0
2661,33.2625,3.0791190425474633,7.821237770584588,7.821237770584588,31.07066086105588,0.5532156124211779,1.0,0.07441285128409973,0.0
2662,33.275,3.1768845146797706,40.71519870511054,40.71519870511054,30.982311142492396,0.5516381826329221,1.0,0.38737270431039544,1.0
2663,33.2875,3.6858244984936523,-56.03782210144214,56.03782210144214,27.43752317488562,0.4883481775930575,1.0,0.5331552683390387,1.0
2664,33.3,2.9853517222256256,-21.128677599210377,21.128677599210377,18.983703992227657,0.3374104449089347,1.0,0.20102254785462373,1.0
2665,33.3125,2.721243252235496,38.227463901766505,38.227463901766505,17.453172509955625,0.3100837483302202,1.0,0.3637038880199936,1.0
2666,33.325,3.199086551007577,11.483939044673797,11.483939044673797,11.04501899093531,0.19567011563307493,0.0,0.10926053821057854,0.0
2667,33.3375,3.3426357890659997,-28.64290955815079,28.64290955815079,10.294566696360235,0.1822712523047555,0.0,0.2725144832331679,1.0
2668,33.35,2.984599419589115,1.9733022115319088,1.9733022115319088,1.8622656182903263,0.031717712119668305,0.0,0.018774399693813903,0.0
2669,33.3625,3.0092656972332636,-4.160872428192057,4.160872428192057,1.7268430889048685,0.0292998262981072,0.0,0.03958738888819437,0.0
2670,33.375,2.957254791880863,-1.0198036742683314,1.0198036742683314,1.1282004874186644,0.01861143150231939,0.0,0.009702620145076574,0.0
2671,33.3875,2.944507245952509,-0.8626819865715518,0.8626819865715518,1.2062821850118726,0.02000553210279387,0.0,0.00820773236349551,0.0
2672,33.4,2.9337237211203644,-0.527943437668732,0.527943437668732,1.5916542465916512,0.026886112815234613,0.0,0.005022961539593159,0.0
2673,33.4125,2.9271244281495052,0.6104974559072573,0.6104974559072573,1.612096447068162,0.027251095709277154,0.0,0.005808397305935944,0.0
2674,33.425,2.934755646348346,-1.9406513409894899,1.9406513409894899,2.274962517414284,0.03908616097025671,0.0,0.01846375265235619,0.0
2675,33.4375,2.9104975045859773,-0.5794014967720784,0.5794014967720784,2.211880352610579,0.03795986778577393,0.0,0.005512544008729566,0.0
2676,33.45,2.9032549858763264,0.07451297266094059,0.07451297266094059,10.504196291242005,0.18601405955805628,0.0,0.0007089316187532716,0.0
2677,33.4625,2.904186398034588,1.9077876329912868,1.9077876329912868,13.126611348463632,0.23283566460323143,1.0,0.018151080631936132,0.0
2678,33.475,2.928033743446979,-1.5805829603578658,1.5805829603578658,16.332902228196552,0.2900820127041509,1.0,0.015037988643388466,0.0
2679,33.4875,2.908276456442506,3.0610770092378914,3.0610770092378914,19.507311285906958,0.34675913051684887,1.0,0.02912371096992882,0.0
2680,33.5,2.9465399190579795,-0.8959118176639436,0.8959118176639436,20.52247750687166,0.36488429789732096,1.0,0.008523887753704173,0.0
2681,33.5125,2.9353410213371802,4.58099368604568,4.58099368604568,21.750379115235926,0.38680772454286444,1.0,0.04358450821878518,0.0
2682,33.525,2.9926034424127512,1.225483388823534,1.225483388823534,23.294012421726592,0.4143683461203112,1.0,0.011659498897556747,0.0
2683,33.5375,3.0079219847730454,29.04998289741119,29.04998289741119,24.395468050441757,0.43403415770893344,1.0,0.27638746200515096,1.0
2684,33.55,3.3710467709906853,22.265754834104996,22.265754834104996,22.55221454610584,0.4011240021099994,1.0,0.21184093257334125,1.0
2685,33.5625,3.6493687064169977,-27.55514128561682,27.55514128561682,21.13382282171857,0.375799491813385,1.0,0.2621652340388703,1.0
2686,33.575,3.3049294403467875,-30.210432465791257,30.210432465791257,18.835165456307696,0.33475838087212983,1.0,0.2874282158714165,1.0
2687,33.5875,2.9272990345243968,-18.288392706159975,18.288392706159975,17.569885742374368,0.31216759118217735,1.0,0.17399949810846607,0.0
2688,33.6,2.698694125697397,-20.39749805923595,20.39749805923595,16.98885521191282,0.301793649062854,1.0,0.19406595658786485,0.0
2689,33.6125,2.4437253999569477,24.025854563950126,24.025854563950126,16.753685831031586,0.2975948446668766,1.0,0.22858688037392325,1.0
2690,33.625,2.7440485820063243,20.535933947810996,20.535933947810996,14.49092570062309,0.257194656738501,1.0,0.19538306386564896,0.0
2691,33.6375,3.0007477563539617,-12.312987558167556,12.312987558167556,12.57743094722038,0.22303038691663782,1.0,0.11714827485169385,0.0
2692,33.65,2.8468354118768673,0.22918844235597646,0.22918844235597646,11.865772338533144,0.21032416094710907,1.0,0.0021805455833616753,0.0
2693,33.6625,2.849700267406317,-4.928056099909632,4.928056099909632,11.865773113112963,0.2103241747767545,1.0,0.046886530807369466,0.0
2694,33.675,2.7880995661574466,-23.327444087146816,23.327444087146816,11.896487325832217,0.210872558120289,1.0,0.2219420606573968,1.0
2695,33.6875,2.4965065150681114,-13.184378599869788,13.184378599869788,9.347194030920473,0.16535649708716957,0.0,0.125438866941907,0.0
2696,33.7,2.331701782569739,18.777013265828586,18.777013265828586,8.123204772630748,0.14350292304161183,0.0,0.1786483337668987,0.0
2697,33.7125,2.5664144483925964,3.4130920609683812,3.4130920609683812,5.525822050003884,0.09712825490694862,0.0,0.0324728539652616,0.0
2698,33.725,2.609078099154701,-2.713543011968227,2.713543011968227,7.708698885692021,0.13610217582819886,0.0,0.025817201640643547,0.0
2699,33.7375,2.5751588115050983,3.528163016358512,3.528163016358512,9.082872896454601,0.16063720609279677,0.0,0.0335676625034663,0.0
2700,33.75,2.6192608492095797,-0.2295090366827779,0.2295090366827779,9.047715891406527,0.1600094994296585,0.0,0.002183595783171803,0.0
2701,33.7625,2.616391986251045,5.488574486909421,5.488574486909421,9.06223777170813,0.1602687786547844,0.0,0.05221941705853137,0.0
2702,33.775,2.6849991673374127,-10.531792444919859,10.531792444919859,10.101096367478789,0.17881695878935577,0.0,0.10020162127103442,0.0
2703,33.7875,2.5533517617759145,1.6610825614729308,1.6610825614729308,9.398775609232992,0.1662774543859407,0.0,0.01580387826622203,0.0
2704,33.8,2.574115293794326,8.304351605444467,8.304351605444467,9.398695446916939,0.1662760231371796,0.0,0.07900929483961028,0.0
2705,33.8125,2.677919688862382,15.5808802983762,15.5808802983762,9.897102042568587,0.17517476580922473,0.0,0.14823967286596995,0.0
2706,33.825,2.8726806925920845,-13.854950307411542,13.854950307411542,8.409296350334927,0.14861091188614203,0.0,0.1318188229299858,0.0
2707,33.8375,2.69949381374944,2.7108295146845407,2.7108295146845407,9.045525441821587,0.1599703903019653,0.0,0.025791384874071104,0.0
2708,33.85,2.733379182682997,1.4685363573386923,1.4685363573386923,11.730209473544239,0.20790376951981623,1.0,0.013971954410455137,0.0
2709,33.8625,2.7517358871497306,-13.761845989957529,13.761845989957529,12.31556091929396,0.21835485891927717,1.0,0.13093300946518238,0.0
2710,33.875,2.5797128122752615,1.1650464041528963,1.1650464041528963,15.022841287761487,0.26669168180697084,1.0,0.011084489099328935,0.0
2711,33.8875,2.5942758923271727,-1.657449994872593,1.657449994872593,17.108599004793252,0.30393160070457426,1.0,0.015769317286727567,0.0
2712,33.9,2.5735577673912653,-12.078885606039691,12.078885606039691,17.958794570545376,0.31911131868292514,1.0,0.1149209811342563,0.0
2713,33.9125,2.422571697315769,4.987275910379907,4.987275910379907,20.752856353244447,0.3689975702513387,1.0,0.04744996016201338,0.0
2714,33.925,2.484912646195518,16.75714090493738,16.75714090493738,21.84683417336527,0.38852987017496216,1.0,0.1594308561741383,0.0
2715,33.9375,2.6943769075072352,-21.296921534681204,21.296921534681204,22.09256666671913,0.3929172724356746,1.0,0.2026232549699,1.0
2716,33.95,2.42816538832372,10.71253521542566,10.71253521542566,21.3144178597627,0.37902390494399724,1.0,0.10192124485196016,0.0
2717,33.9625,2.562072078516541,-27.955145534494257,27.955145534494257,25.7088889337848,0.45748447831650607,1.0,0.2659709560432149,1.0
2718,33.975,2.2126327593353627,23.184143924677514,23.184143924677514,34.17795648383272,0.6086944612050923,1.0,0.2205786736857182,1.0
2719,33.9875,2.5024345583938317,15.532555509232928,15.532555509232928,33.207557496362824,0.5913685851953308,1.0,0.14777990096626142,0.0
2720,34.0,2.6965915022592433,31.799393588786877,31.799393588786877,32.751201197261686,0.5832206246588971,1.0,0.30254591606285963,1.0
2721,34.0125,3.0940839221190792,19.942363291426446,19.942363291426446,30.788363069676375,0.5481753592939326,1.0,0.18973571158257838,0.0
2722,34.025,3.34336346326191,-19.161953958487494,19.161953958487494,30.031534994515912,0.5346626603316994,1.0,0.1823107380251808,0.0
2723,34.0375,3.103839038780816,13.54038851257613,13.54038851257613,29.259295541187775,0.5208748007080058,1.0,0.12882601785931252,0.0
2724,34.05,3.2730938951880177,42.04638989038923,42.04638989038923,28.866936537635844,0.5138694724516579,1.0,0.40003792874244126,1.0
2725,34.0625,3.798673768817883,-69.56274919425915,69.56274919425915,24.766174700376528,0.44065289653254863,1.0,0.6618341830974196,1.0
2726,34.075,2.9291394038896437,3.7918139759219827,3.7918139759219827,3.309804033192573,0.0575626186166889,0.0,0.036076091504141004,0.0
2727,34.0875,2.9765370785886685,-0.674329712809616,0.674329712809616,3.05343178032418,0.05298525000553423,0.0,0.006415710416639217,0.0
2728,34.1,2.9681079571785483,-3.6685689019231305,3.6685689019231305,9.168284195375783,0.16216217220884702,0.0,0.03490351273438843,0.0
2729,34.1125,2.922250845904509,5.427356868698219,5.427356868698219,10.498934088668902,0.1859201061734206,0.0,0.051636980153589085,0.0
2730,34.125,2.990092806763237,-0.9416639661212756,0.9416639661212756,10.804825549805038,0.1913816097369266,0.0,0.0089591830252388,0.0
2731,34.1375,2.978322007186721,0.9440959072575339,0.9440959072575339,20.765694721098836,0.36922679139901615,1.0,0.008982321009201478,0.0
2732,34.15,2.99012320602744,-2.8993062252933655,2.8993062252933655,21.5020349003169,0.38237369160281864,1.0,0.027584590738467488,0.0
2733,34.1625,2.953881878211273,4.439281817134635,4.439281817134635,22.418773446607183,0.3987414934982087,1.0,0.042236232595950954,0.0
2734,34.175,3.009372900925456,1.151953306190947,1.151953306190947,22.453449662182173,0.3993606159615436,1.0,0.010959918694992812,0.0
2735,34.1875,3.023772317252843,24.460716182529225,24.460716182529225,22.733538343056996,0.40436142678187165,1.0,0.2327242425027402,1.0
2736,34.2,3.329531269534458,14.927151539273993,14.927151539273993,21.03962415383564,0.3741176326388617,1.0,0.14201996412444992,0.0
2737,34.2125,3.516120663775383,-9.032679994788495,9.032679994788495,20.4833503969187,0.3641857074572868,1.0,0.08593875967778182,0.0
2738,34.225,3.403212163840527,-50.16617692958384,50.16617692958384,20.294754518187126,0.36081844424591974,1.0,0.47729123865696493,1.0
2739,34.2375,2.776134952220729,-15.807553192024777,15.807553192024777,10.760493520399168,0.1905900886670728,0.0,0.15039628500588542,0.0
2740,34.25,2.578540537320419,18.180130927879787,18.180130927879787,9.539747362457742,0.16879441817999707,0.0,0.1729694734700112,0.0
2741,34.2625,2.8057921739189164,5.67055677219944,5.67055677219944,7.832525226979533,0.13831301885626457,0.0,0.05395083363591214,0.0
2742,34.275,2.8766741335714094,-10.128075203334284,10.128075203334284,8.451044451113226,0.14935629850243864,0.0,0.09636057309680292,0.0
2743,34.2875,2.750073193529731,2.267771522358224,2.267771522358224,8.117819078766448,0.14340676479606101,0.0,0.021576040773779705,0.0
2744,34.3,2.7784203375592087,-6.167229901887339,6.167229901887339,8.647882918600056,0.15287072805735824,0.0,0.05867628308782307,0.0
2745,34.3125,2.701329963785617,4.479357950920146,4.479357950920146,8.43063216489145,0.14899184970898272,0.0,0.042617525106279544,0.0
2746,34.325,2.757321938172119,-12.162836286118264,12.162836286118264,8.3528571262439,0.147603224315035,0.0,0.11571970502619329,0.0
2747,34.3375,2.6052864845956405,-7.185207680674814,7.185207680674814,8.04705327558388,0.1421432849825988,0.0,0.06836153129090496,0.0
2748,34.35,2.5154713885872053,-9.656631611947404,9.656631611947404,10.030620384271314,0.17755865353297626,0.0,0.09187516261783066,0.0
2749,34.3625,2.3947634934378628,10.617382971999447,10.617382971999447,12.27636895291893,0.21765511050778824,1.0,0.10101594700178446,0.0
2750,34.375,2.527480780587856,7.642550724171748,7.642550724171748,11.753222547187349,0.20831465377020442,1.0,0.07271278628145758,0.0
2751,34.3875,2.6230126646400027,8.731433255970025,8.731433255970025,11.592092527485162,0.20543777654871298,1.0,0.08307263676564801,0.0
2752,34.4,2.732155580339628,2.890010807909711,2.890010807909711,16.538053813981918,0.2937448678641615,1.0,0.02749615224168697,0.0
2753,34.4125,2.7682807154384994,3.1019276952245534,3.1019276952245534,17.808033964692356,0.31641958095659434,1.0,0.029512372727868406,0.0
2754,34.425,2.8070548116288063,10.383320302872718,10.383320302872718,19.51856237802075,0.34696001183417813,1.0,0.09878902703083146,0.0
2755,34.4375,2.9368463154147153,-18.398191226330383,18.398191226330383,23.336025965216702,0.41511847205267466,1.0,0.17504414362268164,0.0
2756,34.45,2.7068689250855855,-22.22650780234094,22.22650780234094,22.905607552529784,0.40743361649653337,1.0,0.21146752830873944,1.0
2757,34.4625,2.4290375775563238,3.487243292096771,3.487243292096771,25.12938126043287,0.4471377258725662,1.0,0.033178343901297314,0.0
2758,34.475,2.4726281187075334,-5.3212341564765,5.3212341564765,34.9286321448655,0.6220973126038868,1.0,0.0506273070258752,0.0
2759,34.4875,2.406112691751577,34.48598041248843,34.48598041248843,48.13702170734303,0.857924969890279,1.0,0.32810665103064246,1.0
2760,34.5,2.8371874469076825,18.902459108212142,18.902459108212142,46.873223063071606,0.8353606237865785,1.0,0.1798418510959082,0.0
2761,34.5125,3.0734681857603343,22.812443629800043,22.812443629800043,46.523608118890415,0.8291184643735351,1.0,0.21704224127229652,1.0
2762,34.525,3.358623731132835,-37.63748111748047,37.63748111748047,45.81924293252675,0.8165424579657502,1.0,0.35809067148381174,1.0
2763,34.5375,2.888155217164329,-13.389078997845587,13.389078997845587,43.866361657220544,0.7816749660633128,1.0,0.12738642827671995,0.0
2764,34.55,2.720791729691259,36.722870401712946,36.722870401712946,43.610555423651974,0.7771077033780035,1.0,0.3493888785999258,1.0
2765,34.5625,3.179827609712671,68.70479745702895,68.70479745702895,41.636705554210195,0.7418658301470785,1.0,0.653671455290888,1.0
2766,34.575,4.038637577925533,-93.83828459473835,93.83828459473835,33.81859714855674,0.6022783216930597,1.0,0.8927965778722736,1.0
2767,34.5875,2.8656590204913033,15.122575731288848,15.122575731288848,6.570643262025443,0.11578289388081273,0.0,0.14387926974387616,0.0
2768,34.6,3.054691217132414,-9.80201698501805,9.80201698501805,3.982895394469405,0.06958025014692142,0.0,0.09325838870844735,0.0
2769,34.6125,2.9321660048196883,-0.2507357998629445,0.2507357998629445,2.0815390996714065,0.03563270502433185,0.0,0.0023855515372481146,0.0
2770,34.625,2.9290318073214014,3.9264846779311924,3.9264846779311924,3.3627026221996728,0.058507090329935375,0.0,0.037357376029031185,0.0
2771,34.6375,2.9781128657955414,0.500310852734529,0.500310852734529,8.178776928127805,0.144495129637218,0.0,0.004760059490887074,0.0
2772,34.65,2.984366751454723,-1.5642413271695688,1.5642413271695688,8.320969303852493,0.14703388689392402,0.0,0.014882511012372887,0.0
2773,34.6625,2.9648137348651034,-1.0036449164658023,1.0036449164658023,9.433836753442078,0.1669034495128635,0.0,0.009548882427778472,0.0
2774,34.675,2.952268173409281,1.1959824106366668,1.1959824106366668,11.956874362820573,0.21195073145823218,1.0,0.011378820574387608,0.0
2775,34.6875,2.967217953542239,3.195797165098,3.195797165098,14.432427073719479,0.2561501997990767,1.0,0.030405466008842523,0.0
2776,34.7,3.007165418105964,-1.958144881254782,1.958144881254782,14.793812368841762,0.2626025115758694,1.0,0.018630189762232765,0.0
2777,34.7125,2.9826886070902794,7.474127350830635,7.474127350830635,15.845864716533152,0.2813862580216528,1.0,0.0711103719576872,0.0
2778,34.725,3.0761151989756623,21.449808084079578,21.449808084079578,18.992665943095954,0.33757045501978045,1.0,0.2040778487819572,1.0
2779,34.7375,3.344237800026657,4.361125528347216,4.361125528347216,17.436414843638193,0.3097845505233616,1.0,0.041492637724519166,0.0
2780,34.75,3.3987518691309972,-12.669523148451098,12.669523148451098,17.65024519769448,0.3136023597434249,1.0,0.12054042717278035,0.0
2781,34.7625,3.2403828297753585,-20.802977003779972,20.802977003779972,17.08306911075435,0.3034757801767585,1.0,0.19792376596334083,0.0
2782,34.775,2.980345617228109,-22.892252567324896,22.892252567324896,15.8475262771903,0.28141592416341527,1.0,0.21780155978087257,1.0
2783,34.7875,2.6941924601365477,9.7318335811174,9.7318335811174,13.648979661913659,0.24216222898254983,1.0,0.09259064948989133,0.0
2784,34.8,2.815840379900515,16.17747461927795,16.17747461927795,13.213024415508546,0.2343785166718913,1.0,0.15391579290993102,0.0
2785,34.8125,3.0180588126414896,-30.54344492272225,30.54344492272225,12.309714464225442,0.21825047406632314,1.0,0.2905965643042639,1.0
2786,34.825,2.6362657511074614,2.559666117117736,2.559666117117736,6.606873472798119,0.11642976197090786,0.0,0.024353185479974802,0.0
2787,34.8375,2.668261577571433,8.890453272377528,8.890453272377528,6.912292372434183,0.12188282823999894,0.0,0.08458558563374541,0.0
2788,34.85,2.779392243476152,1.708090876305377,1.708090876305377,6.697209949794266,0.11804266410683725,0.0,0.016251124960843556,0.0
2789,34.8625,2.8007433794299694,-10.356957233049613,10.356957233049613,6.67927221111542,0.11772239683506742,0.0,0.09853820340780889,0.0
2790,34.875,2.6712814140168493,-2.2933994957177717,2.2933994957177717,5.75195791304497,0.10116577140789385,0.0,0.021819870539125704,0.0
2791,34.8875,2.642613920320377,-1.0116975825325625,1.0116975825325625,5.970849979899724,0.10507395439119847,0.0,0.009625497135071989,0.0
2792,34.9,2.62996770053872,8.790400044643647,8.790400044643647,6.014126191868123,0.10584662449124832,0.0,0.08363365881931499,0.0
2793,34.9125,2.7398477010967657,-8.3591675964648,8.3591675964648,6.592333274573727,0.11617015569055715,0.0,0.07953082535785225,0.0
2794,34.925,2.6353581061409557,-6.291578552534105,6.291578552534105,6.078024230284089,0.10698748459637733,0.0,0.05985936151087742,0.0
2795,34.9375,2.5567133742342794,7.458072240547189,7.458072240547189,7.3074547556519045,0.12893820911297668,0.0,0.07095762036402448,0.0
2796,34.95,2.649939277241119,-0.999011366382021,0.999011366382021,13.000326302422028,0.2305809229167128,1.0,0.009504797887272797,0.0
2797,34.9625,2.637451635161344,-3.8788276106723885,3.8788276106723885,17.348221423364137,0.3082099113447604,1.0,0.036903956971512795,0.0
2798,34.975,2.588966290027939,-5.0781806229378645,5.0781806229378645,17.74578733830601,0.3153082057957363,1.0,0.048314846137228216,0.0
2799,34.9875,2.525489032241216,-2.2743893581503016,2.2743893581503016,20.909461332979514,0.3717936556723215,1.0,0.021639004213207486,0.0
2800,35.0,2.497059165264337,-11.644066564374036,11.644066564374036,27.745294588928232,0.49384324655737527,1.0,0.11078402409087738,0.0
2801,35.0125,2.3515083332096616,4.212344624165425,4.212344624165425,27.76065355211925,0.49411747138172296,1.0,0.04007710585839537,0.0
2802,35.025,2.4041626410117294,13.085720934611906,13.085720934611906,31.78669874344357,0.5660000276243379,1.0,0.12450021779349701,0.0
2803,35.0375,2.567734152694378,31.312929490125825,31.312929490125825,31.450032689753982,0.5599890626725609,1.0,0.29791759741426127,1.0
2804,35.05,2.959145771320951,-32.505637117077946,32.505637117077946,29.537289861994513,0.5258382180197586,1.0,0.30926526102878477,1.0
2805,35.0625,2.5528253073574767,11.254454995769727,11.254454995769727,27.214272320947597,0.48436217115204855,1.0,0.10707718016622961,0.0
2806,35.075,2.6935059948045983,31.687990757873088,31.687990757873088,26.93492066461065,0.4793745194507265,1.0,0.3014860068090337,1.0
2807,35.0875,3.089605879278012,51.632734148801624,51.632734148801624,24.498267895283046,0.4358695855984315,1.0,0.4912443631436942,1.0
2808,35.1,3.735015056138032,-11.933331331636694,11.933331331636694,16.33845174261338,0.290181095864729,1.0,0.11353614808191634,0.0
2809,35.1125,3.5858484144925735,-43.99621004311509,43.99621004311509,15.790375372080083,0.280395529966213,1.0,0.41858891533962866,1.0
2810,35.125,3.035895788953635,-0.9585435930600283,0.9585435930600283,2.726788918913713,0.04715324297610912,0.0,0.00911977923851958,0.0
2811,35.1375,3.0239139940403845,-6.875684903535735,6.875684903535735,2.72073262640119,0.04704511160488376,0.0,0.06541666846229793,0.0
2812,35.15,2.937967932746188,-1.391922743848042,1.391922743848042,1.2222385252212273,0.02029042272572996,0.0,0.013243036866424106,0.0
2813,35.1625,2.9205688984480873,-2.376851542105527,2.376851542105527,1.1242526854191504,0.01854094593005699,0.0,0.022613850328432335,0.0
2814,35.175,2.8908582541717682,1.2370074989821944,1.2370074989821944,0.9561185567871868,0.015539014659207378,0.0,0.011769141631938658,0.0
2815,35.1875,2.9063208479090457,-0.4221841944312388,0.4221841944312388,1.7797253288911346,0.030244006109660142,0.0,0.00401674652992439,0.0
2816,35.2,2.901043545478655,1.2377354460943835,1.2377354460943835,2.1329406049328425,0.03655044722972792,0.0,0.011776067469228216,0.0
2817,35.2125,2.916515238554835,0.679621582088572,0.679621582088572,4.514533313567031,0.07907231762360847,0.0,0.006466058340231421,0.0
2818,35.225,2.925010508330942,0.8092413411478816,0.8092413411478816,4.851181977773032,0.08508297209687062,0.0,0.0076992871637607575,0.0
2819,35.2375,2.9351260250952906,-0.08301083108587903,0.08301083108587903,5.7335323725115375,0.10083679473456958,0.0,0.0007897819769390979,0.0
2820,35.25,2.934088389706717,-0.31315432288113954,0.31315432288113954,5.7605589911607415,0.10131933835809509,0.0,0.002979414095447638,0.0
2821,35.2625,2.930173960670703,-1.688541383826454,1.688541383826454,5.834775953132745,0.10264443648531052,0.0,0.0160651271022968,0.0
2822,35.275,2.9090671933728722,4.422246484067678,4.422246484067678,5.856744013473342,0.1030366626670675,0.0,0.04207415496281031,0.0
2823,35.2875,2.964345274423718,-3.351767670502319,3.351767670502319,5.667041171068624,0.09964963530137229,0.0,0.03188940120731047,0.0
2824,35.3,2.922448178542439,-11.321863466567699,11.321863466567699,5.662580658265444,0.09956999559361729,0.0,0.1077185181053015,0.0
2825,35.3125,2.780924885210343,5.068089367024555,5.068089367024555,6.882237761235293,0.12134622167519694,0.0,0.048218835870365975,0.0
2826,35.325,2.84427600229815,8.681606224055898,8.681606224055898,6.858145708506118,0.12091607291804021,0.0,0.08259857222183643,0.0
2827,35.3375,2.9527960800988486,1.5786266785146452,1.5786266785146452,9.574039275299613,0.16940667915482033,0.0,0.015019376178950055,0.0
2828,35.35,2.9725289135802817,2.6424666300344057,2.6424666300344057,10.294426713724242,0.18226875300104017,0.0,0.025140966446957833,0.0
2829,35.3625,3.005559746455712,-2.214924859604075,2.214924859604075,10.290435922482315,0.18219749988234232,0.0,0.021073246846305033,0.0
2830,35.375,2.977873185710661,1.4378823066221713,1.4378823066221713,10.792065891430534,0.19115379389851567,0.0,0.013680305520070716,0.0
2831,35.3875,2.995846714543438,3.2909055184287794,3.2909055184287794,11.021169282168303,0.19524429377804245,0.0,0.031310346279698927,0.0
2832,35.4,3.0369830335237977,15.829959174997548,15.829959174997548,11.590741646548148,0.20541365740192813,1.0,0.15060946009756945,0.0
2833,35.4125,3.234857523211267,-4.7997143131201625,4.7997143131201625,10.157102871377877,0.17981692040805639,0.0,0.04566546087265674,0.0
2834,35.425,3.174861094297265,-20.794105186725282,20.794105186725282,12.136579433226085,0.21515925476501063,1.0,0.197839357686483,0.0
2835,35.4375,2.914934779463199,-10.816469328953708,10.816469328953708,9.700880133754003,0.17167134452950533,0.0,0.10291009520533963,0.0
2836,35.45,2.7797289128512777,2.515040909139792,2.515040909139792,12.493322944827597,0.2215286903570757,1.0,0.02392861214999962,0.0
2837,35.4625,2.811166924215525,9.461015271935835,9.461015271935835,12.860066541933545,0.228076671314268,1.0,0.09001402886317526,0.0
2838,35.475,2.929429615114723,-6.484396244643911,6.484396244643911,12.5730413954796,0.22295201417492927,1.0,0.061693868358613596,0.0
2839,35.4875,2.848374662056674,-10.670661446121734,10.670661446121734,13.282901522978344,0.23562612937097202,1.0,0.10152284927068315,0.0
2840,35.5,2.7149913939801524,-1.0766531771676213,1.0766531771676213,13.063222433889642,0.23170389459060414,1.0,0.010243497910067942,0.0
2841,35.5125,2.701533229265557,19.39267465517844,19.39267465517844,13.089723489947673,0.23217705461788976,1.0,0.18450586178878733,0.0
2842,35.525,2.9439416624552877,2.622771579884322,2.622771579884322,13.801097040008301,0.24487819104127934,1.0,0.02495358372304129,0.0
2843,35.5375,2.9767263072038417,-24.754885405077864,24.754885405077864,13.956000128506714,0.2476438902428522,1.0,0.23552302848162945,1.0
2844,35.55,2.6672902396403684,-8.983928809171964,8.983928809171964,11.620006862466841,0.20593616980038826,1.0,0.0854749309550635,0.0
2845,35.5625,2.554991129525719,5.577748446432764,5.577748446432764,15.526971891311545,0.27569262311319354,1.0,0.05306783629638928,0.0
2846,35.575,2.6247129851061284,13.743369970685002,13.743369970685002,15.445140579296174,0.27423157545753696,1.0,0.1307572248496552,0.0
2847,35.5875,2.796505109739691,8.219578797167557,8.219578797167557,14.900287654988967,0.2645035622052607,1.0,0.07820274905232197,0.0
2848,35.6,2.8992498447042854,-2.589175071714429,2.589175071714429,35.119551713220936,0.625506063861746,1.0,0.024633939692333805,0.0
2849,35.6125,2.866885156307855,-23.002416786005426,23.002416786005426,35.51282946419447,0.6325277957872203,1.0,0.21884968462529736,1.0
2850,35.625,2.579354946482787,-6.424656519494043,6.424656519494043,42.08269128588709,0.7498286305919794,1.0,0.06112549242967187,0.0
2851,35.6375,2.4990467399891116,11.612119125883673,11.612119125883673,44.2588333673357,0.7886823066259029,1.0,0.11048006964542731,0.0
2852,35.65,2.6441982290626576,-30.48293538829043,30.48293538829043,44.07337724849151,0.7853711018927615,1.0,0.2900208642528117,1.0
2853,35.6625,2.263161536709027,3.2917121588655363,3.2917121588655363,43.4005790997003,0.7733587054907968,1.0,0.031318020821327855,0.0
2854,35.675,2.3043079386948464,7.523952129611686,7.523952129611686,44.89977261247202,0.8001258819329788,1.0,0.07158441506473118,0.0
2855,35.6875,2.3983573403149925,90.32428354707449,90.32428354707449,46.31450636119902,0.8253850813280416,1.0,0.8593636552272896,1.0
2856,35.7,3.5274108846534236,15.130399190862818,15.130399190862818,34.8487934422196,0.6206718417607754,1.0,0.14395370373385083,0.0
2857,35.7125,3.716540874539209,-67.87817007315127,67.87817007315127,34.70909347722237,0.6181775849619088,1.0,0.6458067537707274,1.0
2858,35.725,2.868063748624818,-39.29895180266211,39.29895180266211,25.142732020113577,0.44737609546059226,1.0,0.3738982424381559,1.0
2859,35.7375,2.3768268510915416,1.9461035419038453,1.9461035419038453,20.984745522657928,0.3731378084926623,1.0,0.018515626003827085,0.0
2860,35.75,2.4011531453653396,21.410063584647183,21.410063584647183,20.996064222648567,0.3733398969069761,1.0,0.20369971150850072,1.0
2861,35.7625,2.6687789401734294,32.708865535747655,32.708865535747655,19.627770987762958,0.3489098642722204,1.0,0.31119881765227064,1.0
2862,35.775,3.077639759370275,32.99941221124261,32.99941221124261,15.869011785304759,0.28179953467249913,1.0,0.31396313797967573,1.0
2863,35.7875,3.4901324120108077,-26.715453158571982,26.715453158571982,10.759010898795093,0.19056361737184965,0.0,0.25417626994449,1.0
2864,35.8,3.156189247528658,-12.295979209946744,12.295979209946744,5.16647701463131,0.09071237071088055,0.0,0.11698645395788296,0.0
2865,35.8125,3.0024895074043236,-5.189643521199017,5.189643521199017,2.997745153526469,0.051990999595386375,0.0,0.049375326884047645,0.0
2866,35.825,2.937618963389336,-3.166730571377734,3.166730571377734,3.0717548231472094,0.05331239664539323,0.0,0.030128920508080966,0.0
2867,35.8375,2.8980348312471143,-2.7547530783685303,2.7547530783685303,3.102626207330629,0.05386358618857918,0.0,0.02620928261713385,0.0
2868,35.85,2.8636004177675076,3.7024683051341967,3.7024683051341967,7.03358653209268,0.12404846072528274,0.0,0.03522603857029282,0.0
2869,35.8625,2.909881271581685,1.574488294080858,1.574488294080858,7.57637867605795,0.1337396800143039,0.0,0.014980002745427035,0.0
2870,35.875,2.929562375257696,0.6383181914294411,0.6383181914294411,8.95220944964103,0.1583042907582471,0.0,0.00607308945770923,0.0
2871,35.8875,2.937541352650564,-1.0976298312409938,1.0976298312409938,9.969052403778022,0.17645939517639098,0.0,0.010443074075092675,0.0
2872,35.9,2.9238209797600514,3.0891802850699435,3.0891802850699435,9.977851969049444,0.17661650599245848,0.0,0.029391091267834044,0.0
2873,35.9125,2.9624357333234257,5.525035147527717,5.525035147527717,11.147482041532374,0.19749953026885816,0.0,0.052566311219774405,0.0
2874,35.925,3.031498672667522,3.3989816155419206,3.3989816155419206,10.975029815101625,0.194420502022408,0.0,0.03233860430966098,0.0
2875,35.9375,3.073985942861796,18.065133974010443,18.065133974010443,14.69799013692859,0.26089166466594543,1.0,0.17187536899736783,0.0
2876,35.95,3.2998001175369267,-8.783488273985682,8.783488273985682,13.444266563873427,0.23850720275105428,1.0,0.0835678988236254,0.0
2877,35.9625,3.1900065141121057,-13.579518948988216,13.579518948988216,13.08620986233264,0.2321143209617456,1.0,0.12919831281195618,0.0
2878,35.975,3.020262527249753,-12.422844461143008,12.422844461143008,12.21696231971304,0.216594441675305,1.0,0.11819347583182375,0.0
2879,35.9875,2.8649769714854654,1.6152349495853358,1.6152349495853358,12.127264741758895,0.21499294668811278,1.0,0.015367674736142199,0.0
2880,36.0,2.885167408355282,14.394917243035756,14.394917243035756,13.169320470961182,0.23359820967019154,1.0,0.13695617848130956,0.0
2881,36.0125,3.065103873893229,-0.07349823180970105,0.07349823180970105,12.157799794125777,0.21553813123394538,1.0,0.0006992771673390493,0.0
2882,36.025,3.0641851459956078,-27.86018939285654,27.86018939285654,12.303690929821414,0.21814292757094103,1.0,0.26506752394544975,1.0
2883,36.0375,2.715932778584901,-6.639893109141539,6.639893109141539,7.3805531807531795,0.13024333645355196,0.0,0.06317329724089664,0.0
2884,36.05,2.6329341147206318,-1.0744055209558567,1.0744055209558567,7.020537224349397,0.12381547337585978,0.0,0.010222113250461651,0.0
2885,36.0625,2.6195040457086836,2.9061267983588834,2.9061267983588834,8.639195724701473,0.15271562356291515,0.0,0.02764948306166287,0.0
2886,36.075,2.6558306306881696,11.69863747917308,11.69863747917308,8.788055225166383,0.1553734182239077,0.0,0.11130322290396692,0.0
2887,36.0875,2.802063599177833,-14.61138584610346,14.61138584610346,8.588702120259466,0.15181409136724675,0.0,0.13901570491948226,0.0
2888,36.1,2.61942127610154,-1.5041262484207962,1.5041262484207962,6.917429035129157,0.12197454018746202,0.0,0.014310563892738139,0.0
2889,36.1125,2.60061969799628,5.34369902691747,5.34369902691747,6.926915340575635,0.12214391232622007,0.0,0.05084104238494172,0.0
2890,36.125,2.6674159358327483,0.9613485656541343,0.9613485656541343,10.880981980284771,0.19274133587934367,0.0,0.009146466319851667,0.0
2891,36.1375,2.679432792903425,1.6159213524248628,1.6159213524248628,10.98084078203306,0.1945242532565404,0.0,0.015374205312748732,0.0
2892,36.15,2.6996318098087357,14.280631149681646,14.280631149681646,13.391666445719261,0.23756806005098405,1.0,0.13586883728058752,0.0
2893,36.1625,2.8781396991797563,5.4036346966769955,5.4036346966769955,12.57971296744613,0.2230711309817014,1.0,0.05141128257086246,0.0
2894,36.175,2.9456851328882188,-10.447259670789997,10.447259670789997,15.651230007453442,0.27791117521524616,1.0,0.09939735921757588,0.0
2895,36.1875,2.815094387003344,2.4845037950665727,2.4845037950665727,17.594199519148713,0.31260169868554527,1.0,0.023638075818688698,0.0
2896,36.2,2.846150684441676,-1.8201783447843312,1.8201783447843312,17.72796704110959,0.3149900353692736,1.0,0.017317547996095712,0.0
2897,36.2125,2.823398455131872,-24.32825561047313,24.32825561047313,27.021738233351464,0.4809245936479329,1.0,0.23146398560497805,1.0
2898,36.225,2.5192952600009577,4.2882344228497615,4.2882344228497615,28.106035420787013,0.5002840518396843,1.0,0.04079913688073772,0.0
2899,36.2375,2.5728981902865797,21.741070100654305,21.741070100654305,32.39692629470444,0.5768952645602835,1.0,0.20684897501028848,1.0
2900,36.25,2.8446615665447585,5.935992859892174,5.935992859892174,32.058619515764725,0.5708550054700986,1.0,0.056476246709684014,0.0
2901,36.2625,2.9188614772934107,-26.886685313704284,26.886685313704284,33.04856552344499,0.5885298814818161,1.0,0.25580540759107034,1.0
2902,36.275,2.582777910872107,-25.01807511412757,25.01807511412757,31.89156028975903,0.5678722659233395,1.0,0.23802706905084453,1.0
2903,36.2875,2.2700519719455126,6.631170985289181,6.631170985289181,31.779733631439008,0.5658756698410515,1.0,0.06309031317569559,0.0
2904,36.3,2.3529416092616273,57.710148354822515,57.710148354822515,31.697789851714532,0.5644126141437458,1.0,0.5490661213832095,1.0
2905,36.3125,3.0743184636969088,32.71181958299852,32.71181958299852,24.33185499466822,0.4328983857932929,1.0,0.3112269230602908,1.0
2906,36.325,3.4832162084843903,-45.774248269361415,45.774248269361415,21.40896125469724,0.38071191900762336,1.0,0.4355055336535126,1.0
2907,36.3375,2.9110381051173726,17.269283263008752,17.269283263008752,14.2650713524306,0.253162166511722,1.0,0.1643034830198255,0.0
2908,36.35,3.126904145904982,23.47033860939419,23.47033860939419,13.27454445473078,0.23547691906662088,1.0,0.22330158828527397,1.0
2909,36.3625,3.4202833785224094,-11.036544913212047,11.036544913212047,10.446840154076822,0.18499000106896635,0.0,0.10500393919820077,0.0
2910,36.375,3.282326567107259,-23.852523937209966,23.852523937209966,9.798907524578354,0.17342156319307933,0.0,0.22693777744048418,1.0
2911,36.3875,2.984170017892134,-1.5361389982907525,1.5361389982907525,4.993655142430888,0.08762674266697018,0.0,0.014615139723973875,0.0
2912,36.4,2.9649682804135,-5.364281044134032,5.364281044134032,4.979381325530498,0.0873718924610286,0.0,0.051036863894424904,0.0
2913,36.4125,2.8979147673618244,0.7062411905144828,0.7062411905144828,4.612188849261771,0.08081589704296188,0.0,0.006719322723841921,0.0
2914,36.425,2.9067427822432554,-7.514713175072352,7.514713175072352,4.62159756722592,0.08098388390502846,0.0,0.07149651376696706,0.0
2915,36.4375,2.812808867554851,8.944177029975116,8.944177029975116,6.0796445760659426,0.10701641487193597,0.0,0.0850967244204433,0.0
2916,36.45,2.92461108042954,-3.7736327634369715,3.7736327634369715,5.636355138223211,0.09910175509212217,0.0,0.035903111740515865,0.0
2917,36.4625,2.877440670886578,4.106370585395105,4.106370585395105,11.330754207981732,0.20077174187763258,1.0,0.03906884724021992,0.0
2918,36.475,2.9287703032040167,-0.5356512162589055,0.5356512162589055,11.442029305066482,0.20275849017390937,1.0,0.005096294917094925,0.0
2919,36.4875,2.9220746630007803,1.104941921637952,1.104941921637952,14.613592349117226,0.2593847941662859,1.0,0.010512642794423922,0.0
2920,36.5,2.9358864370212547,0.7745268814946371,0.7745268814946371,15.786151748044736,0.28032011976144855,1.0,0.007369006714635416,0.0
2921,36.5125,2.9455680230399377,-1.0926121710152614,1.0926121710152614,18.533158832776436,0.32936623869041554,1.0,0.010395335032357544,0.0
2922,36.525,2.931910370902247,13.464554462989184,13.464554462989184,19.967190038303716,0.3549699822865156,1.0,0.12810451724525274,0.0
2923,36.5375,3.1002173016896117,6.20077989664459,6.20077989664459,19.408640759980816,0.3449974290723002,1.0,0.05899548458043632,0.0
2924,36.55,3.177727050397669,28.056732483549283,28.056732483549283,23.530080219844827,0.4185831912024953,1.0,0.26693747499509585,1.0
2925,36.5625,3.528436206442035,-6.093818913869491,6.093818913869491,21.45370931104318,0.38151086798215705,1.0,0.05797783597571301,0.0
2926,36.575,3.4522634700186665,-25.7173734283052,25.7173734283052,21.424922123570184,0.38099689048705754,1.0,0.24468033583322396,1.0
2927,36.5875,3.1307963021648515,-16.922911746479663,16.922911746479663,19.48531506263261,0.34636640150326237,1.0,0.16100803376939302,0.0
2928,36.6,2.9192599053338557,-27.473678427890675,27.473678427890675,18.549510891723788,0.3296581946275964,1.0,0.26139017979618356,1.0
2929,36.6125,2.5758389249852223,-21.04470040163978,21.04470040163978,15.895806814026628,0.2822779434005663,1.0,0.2002235716698594,1.0
2930,36.625,2.312780169964725,2.3124644604470035,2.3124644604470035,15.58491717572085,0.2767272004633241,1.0,0.022001258501842876,0.0
2931,36.6375,2.3416859757203126,38.134031826511396,38.134031826511396,15.576032683926554,0.2765685733365182,1.0,0.36281495620062465,1.0
2932,36.65,2.818361373551705,6.321074438472749,6.321074438472749,8.190434459663848,0.14470326768000388,0.0,0.060139991385358395,0.0
2933,36.6625,2.8973748040326144,5.221090627587763,5.221090627587763,8.346402292128422,0.14748797722905035,0.0,0.04967452106784065,0.0
2934,36.675,2.9626384368774614,5.156066016157901,5.156066016157901,8.628237019308408,0.1525199626303303,0.0,0.04905586365298301,0.0
2935,36.6875,3.027089262079435,1.2805279521030144,1.2805279521030144,8.779431729613881,0.15521945102418613,0.0,0.012183204098889355,0.0
2936,36.7,3.043095861480723,-4.851965161927012,4.851965161927012,8.808965449318434,0.15574675739230412,0.0,0.04616258610472106,0.0
2937,36.7125,2.982446296956635,-19.094061061926162,19.094061061926162,8.882392747387302,0.15705775655708062,0.0,0.18166479116059805,0.0
2938,36.725,2.743770533682558,-1.769943008739645,1.769943008739645,10.5449842836496,0.1867423040309649,0.0,0.016839598763512723,0.0
2939,36.7375,2.7216462460733126,-7.068787950122015,7.068787950122015,11.518064002703655,0.20411604285142823,1.0,0.06725389023072109,0.0
2940,36.75,2.6332863966967874,-7.783938510079196,7.783938510079196,11.2859345434094,0.19997151438233812,0.0,0.07405797851249912,0.0
2941,36.7625,2.5359871653207975,-8.095191786241038,8.095191786241038,11.179000007960815,0.19806226413963718,0.0,0.07701930566174252,0.0
2942,36.775,2.4347972679927845,-6.902216762147795,6.902216762147795,23.871658803739585,0.42468186635422933,1.0,0.06566909797628295,0.0
2943,36.7875,2.348519558465937,-2.4073550163605972,2.4073550163605972,23.895910043917446,0.42511485730519893,1.0,0.022904066603652573,0.0
2944,36.8,2.3184276207614296,-5.825272095359537,5.825272095359537,30.37089654807313,0.5407217517727803,1.0,0.05542282677451522,0.0
2945,36.8125,2.2456117195694354,24.959597529311104,24.959597529311104,30.306429758776478,0.5395707369711126,1.0,0.23747070138244725,1.0
2946,36.825,2.557606688685824,13.224429548297039,13.224429548297039,29.096036077181246,0.5179599035705179,1.0,0.12581991983360055,0.0
2947,36.8375,2.722912058039537,2.7604210305206323,2.7604210305206323,28.719323795786963,0.511233937897564,1.0,0.026263208669882944,0.0
2948,36.85,2.757417320921045,6.432066542537065,6.432066542537065,28.85300024646468,0.5136206485596452,1.0,0.06119599290017105,0.0
2949,36.8625,2.8378181527027584,60.20482167542216,60.20482167542216,28.782111447557963,0.5123549727333121,1.0,0.5728009521418859,1.0
2950,36.875,3.5903784236455354,7.543737701588711,7.543737701588711,19.386149842531996,0.3445958675990344,1.0,0.07177265903177107,0.0
2951,36.8875,3.6846751449153943,-53.07362886244846,53.07362886244846,19.222937002211893,0.3416818028987404,1.0,0.5049533293185754,1.0
2952,36.9,3.0212547841347885,1.6249355999888238,1.6249355999888238,4.266580149900175,0.07464526666272389,0.0,0.015459968702520342,0.0
2953,36.9125,3.041566479134649,-6.912203286437233,6.912203286437233,4.227880044666811,0.07395430012885909,0.0,0.06576411180511577,0.0
2954,36.925,2.9551639380541834,-0.8046663525046327,0.8046663525046327,3.450598241235783,0.06007641245092339,0.0,0.007655759788743864,0.0
2955,36.9375,2.9451056086478755,-8.31795862863153,8.31795862863153,3.441742144664284,0.059918292303324794,0.0,0.07913875483335274,0.0
2956,36.95,2.8411311257899814,2.947203634782305,2.947203634782305,1.7890885905905076,0.03041118137812704,0.0,0.028040296460980982,0.0
2957,36.9625,2.87797117122476,1.9807785512348985,1.9807785512348985,1.4543897694656318,0.024435340151682215,0.0,0.01884553111454124,0.0
2958,36.975,2.9027309031151964,-2.548722955050451,2.548722955050451,1.3694730138683582,0.022919203801967384,0.0,0.024249070004218103,0.0
2959,36.9875,2.870871866177066,2.5038518536532095,2.5038518536532095,1.6575923670864199,0.02806339732888371,0.0,0.02382215719410197,0.0
2960,37.0,2.902170014347731,0.10258497291570023,0.10258497291570023,1.490694945781008,0.025083546705352233,0.0,0.0009760143544375117,0.0
2961,37.0125,2.903452326509177,0.17838911305023686,0.17838911305023686,1.5946919484527016,0.02694034911028311,0.0,0.0016972304038670785,0.0
2962,37.025,2.905682190422305,0.3989662672002581,0.3989662672002581,1.5938661055901848,0.026925604194816103,0.0,0.0037958464349724264,0.0
2963,37.0375,2.9106692687623084,-0.1744353880618732,0.1744353880618732,1.7048354069803697,0.028906892697382513,0.0,0.0016596138579689547,0.0
2964,37.05,2.908488826411535,0.036085970062416095,0.036085970062416095,2.5770326782559287,0.04447943757149944,0.0,0.00034332927887657577,0.0
2965,37.0625,2.908939901037315,1.4160287929739823,1.4160287929739823,4.231747668747627,0.07402335417378478,0.0,0.013472386734216416,0.0
2966,37.075,2.92664026094949,3.670590914182199,3.670590914182199,6.383732916257737,0.11244572482197407,0.0,0.03492275057140888,0.0
2967,37.0875,2.9725226473767674,-1.437270271269,1.437270271269,7.430858531538343,0.13114150749616996,0.0,0.013674482490896556,0.0
2968,37.1,2.954556768985905,-1.6054568164017269,1.6054568164017269,8.775215376950955,0.15514417064529606,0.0,0.01527464358279144,0.0
2969,37.1125,2.9344885587808833,-0.10371447521748678,0.10371447521748678,8.783899342518026,0.15529921749986914,0.0,0.0009867606696977377,0.0
2970,37.125,2.9331921278406647,1.7571598962875612,1.7571598962875612,8.820547791784353,0.1559535529805707,0.0,0.01671797762453874,0.0
2971,37.1375,2.9551566265442593,-5.468774724181671,5.468774724181671,8.809482560710574,0.15575599009759253,0.0,0.05203103807779487,0.0
2972,37.15,2.8867969424919884,-9.49389432500972,9.49389432500972,8.595005138142248,0.1519266278679382,0.0,0.09032684687977496,0.0
2973,37.1625,2.768123263429367,-13.59264501323505,13.59264501323505,7.915366624629214,0.13979210096855732,0.0,0.12932319686425012,0.0
2974,37.175,2.5982152007639288,11.36653589341389,11.36653589341389,6.297405674900303,0.11090440511808262,0.0,0.10814354068521943,0.0
2975,37.1875,2.7402968994316024,13.280049585818432,13.280049585818432,4.85135866305223,0.08508612670366603,0.0,0.1263491002142382,0.0
2976,37.2,2.9062975192543328,1.9486799558233159,1.9486799558233159,1.2490090426647347,0.02076839382002457,0.0,0.018540138531314344,0.0
2977,37.2125,2.930656018702124,-2.27423881632415,2.27423881632415,1.1962119561385636,0.0198257343710343,0.0,0.0216375719275706,0.0
2978,37.225,2.9022280334980723,-1.235705476080966,1.235705476080966,0.8949905842749817,0.014447612374013395,0.0,0.011756753920509915,0.0
2979,37.2375,2.8867817150470603,0.21104426472120963,0.21104426472120963,0.9181962622051373,0.014861935455273622,0.0,0.0020079181768549842,0.0
2980,37.25,2.8894197683560754,-0.6044446006633208,0.6044446006633208,0.9658436675447699,0.015712650519655254,0.0,0.005750809206670478,0.0
2981,37.2625,2.881864210847784,-0.8912429026945645,0.8912429026945645,0.9609709187912576,0.015625650593006326,0.0,0.008479466744464283,0.0
2982,37.275,2.870723674564102,-0.47438313914948793,0.47438313914948793,0.909598242260759,0.014708423106838309,0.0,0.00451337793590397,0.0
2983,37.2875,2.8647938853247332,0.744619829501687,0.744619829501687,0.913841095521519,0.01478417663757437,0.0,0.007084464922456799,0.0
2984,37.3,2.8741016331935043,1.662693361095826,1.662693361095826,0.8957409673560124,0.014461010001576527,0.0,0.015819203742355466,0.0
2985,37.3125,2.894885300207202,-0.3644763492075498,0.3644763492075498,1.0098199975742876,0.016497820796308505,0.0,0.003467702321000506,0.0
2986,37.325,2.8903293458421078,-1.3651292479136856,1.3651292479136856,1.017385020415273,0.01663288961794409,0.0,0.012988118081594046,0.0
2987,37.3375,2.8732652302431867,-0.8733250227392375,0.8733250227392375,1.2741958024428777,0.02121808789703667,0.0,0.008308992380233,0.0
2988,37.35,2.8623486674589462,0.5387413185198398,0.5387413185198398,1.7233116416141883,0.029236774482633995,0.0,0.005125694780229168,0.0
2989,37.3625,2.8690829339404442,0.1598272695575531,0.1598272695575531,1.7566611566393935,0.029832209525099254,0.0,0.001520629239205571,0.0
2990,37.375,2.8710807748099136,-0.535660384040284,0.535660384040284,2.1600692381989113,0.03703481226138123,0.0,0.005096382141236721,0.0
2991,37.3875,2.86438502000941,0.5407673736223728,0.5407673736223728,2.1529842312232876,0.036908313827259814,0.0,0.005144971081686873,0.0
2992,37.4,2.8711446121796897,2.1221747308458205,2.1221747308458205,2.159167941971756,0.03701872017257921,0.0,0.020190803204989522,0.0
2993,37.4125,2.8976717963152625,-0.5054995818467845,0.5054995818467845,2.31912232399192,0.03987460710762751,0.0,0.004809426117897939,0.0
2994,37.425,2.8913530515421777,-2.563513052256745,2.563513052256745,2.3292675672042664,0.04005574417419049,0.0,0.024389786005466468,0.0
2995,37.4375,2.8593091383889684,-3.3959565905090727,3.3959565905090727,2.3717772868425406,0.040814729025960346,0.0,0.03230982360454719,0.0
2996,37.45,2.816859681007605,1.1039408721764943,1.1039408721764943,2.045564327252368,0.03499039762865252,0.0,0.010503118605684432,0.0
2997,37.4625,2.830658941909811,3.5589142041688504,3.5589142041688504,2.046274342467538,0.03500307451284337,0.0,0.03386023557597233,0.0
2998,37.475,2.875145369461922,0.20607749924103302,0.20607749924103302,1.9035067924665703,0.032454047873828135,0.0,0.0019606633571090095,0.0
2999,37.4875,2.8777213382024347,0.711161139485128,0.711161139485128,1.90599152581409,0.03249841125677919,0.0,0.006766132121768027,0.0
3000,37.5,2.886610852445999,3.1990940599228423,3.1990940599228423,1.9731326181963569,0.03369717409226822,0.0,0.030436833338604953,0.0
3001,37.5125,2.9265995281950343,0.7954886518255577,0.7954886518255577,1.850074160316404,0.03150004114931298,0.0,0.007568441272698937,0.0
3002,37.525,2.936543136342854,-2.8583771548048986,2.8583771548048986,1.955704727544854,0.033386009842883646,0.0,0.027195183214391273,0.0
3003,37.5375,2.9008134219077926,-0.06759077588085916,0.06759077588085916,1.6876711333305146,0.0286004351671347,0.0,0.0006430724268114604,0.0
3004,37.55,2.899968537209282,-1.114418050360797,1.114418050360797,1.6944075942886019,0.028720710526869697,0.0,0.010602800615741422,0.0
3005,37.5625,2.886038311579772,-2.855637530786801,2.855637530786801,1.6609691941436222,0.028123688495357447,0.0,0.027169117872739117,0.0
3006,37.575,2.850342842444937,-0.343791558598312,0.343791558598312,1.3364800779400596,0.022330135259571116,0.0,0.003270903004498854,0.0
3007,37.5875,2.846045447962458,1.6091423884902412,1.6091423884902412,1.3330577986465502,0.022269032571423517,0.0,0.015309708867310841,0.0
3008,37.6,2.866159727818586,2.543694038534099,2.543694038534099,1.2114276311789758,0.0200974008737399,0.0,0.024201223866838303,0.0
3009,37.6125,2.897955903300262,1.9618498557611375,1.9618498557611375,0.9347212909577985,0.015156979661752902,0.0,0.018665439645312615,0.0
3010,37.625,2.9224790264972764,0.5982833297001022,0.5982833297001022,0.6284651138165936,0.00968896431869623,0.0,0.0056921896181404705,0.0
3011,37.6375,2.9299575681185277,-0.43224350015986346,0.43224350015986346,0.6538980750734081,0.010143054171412924,0.0,0.0041124528162133295,0.0
3012,37.65,2.9245545243665294,-0.5868050250805368,0.5868050250805368,1.0550211283193085,0.017304859135075876,0.0,0.005582982686999509,0.0
3013,37.6625,2.9172194615530227,-0.6111860485405174,0.6111860485405174,1.2344284487190196,0.020508066298959453,0.0,0.005814948716686659,0.0
3014,37.675,2.9095796359462662,0.21238032436457388,0.21238032436457388,1.2155898775103582,0.020171715217417896,0.0,0.002020629720790174,0.0
3015,37.6875,2.9122343900008234,-0.3368229725660399,0.3368229725660399,1.2796002235027426,0.021314580505125535,0.0,0.003204602455750652,0.0
3016,37.7,2.908024102843748,-1.3113181349928738,1.3113181349928738,1.3131951746242698,0.021914397657865126,0.0,0.012476148178534957,0.0
3017,37.7125,2.891632626156337,0.13773495078417852,0.13773495078417852,1.233382865554113,0.0204893980557863,0.0,0.0013104384126861551,0.0
3018,37.725,2.893354313041139,0.7866748305358939,0.7866748305358939,1.2581619256777692,0.02093181290667176,0.0,0.007484584779377757,0.0
3019,37.7375,2.903187748422838,2.3813293666256996,2.3813293666256996,1.3002686852403755,0.02168360315457449,0.0,0.02265645326416574,0.0
3020,37.75,2.932954365505659,1.9053325819691835,1.9053325819691835,1.0034805637297184,0.01638463411105704,0.0,0.018127722775806283,0.0
3021,37.7625,2.956771022780274,0.06564775945143708,0.06564775945143708,0.7687285963230547,0.0121932823754787,0.0,0.0006245861722253988,0.0
3022,37.775,2.957591619773417,-1.1501518402533506,1.1501518402533506,0.7709520661973556,0.012232981060092973,0.0,0.010942779180655083,0.0
3023,37.7875,2.94321472177025,-0.9001602036270029,0.9001602036270029,0.6554239405044108,0.010170297558521212,0.0,0.008564307764211406,0.0
3024,37.8,2.9319627192249125,-0.3058906050359411,0.3058906050359411,0.5765649768907468,0.008762319352164092,0.0,0.002910305602439375,0.0
3025,37.8125,2.928139086661963,-0.7161536302562865,0.7161536302562865,0.8799030147524963,0.014178233116398138,0.0,0.006813631697179055,0.0
3026,37.825,2.9191871662837596,-1.216829926378793,1.216829926378793,0.8774331046089611,0.014134134392620902,0.0,0.011577168090991212,0.0
3027,37.8375,2.9039767922040247,0.4482479850334897,0.4482479850334897,1.058709989318696,0.01737072147532756,0.0,0.00426472274940202,0.0
3028,37.85,2.9095798920169433,0.5495958079219321,0.5495958079219321,1.0489117915603996,0.01719578069151452,0.0,0.00522896660616451,0.0
3029,37.8625,2.9164498396159675,-0.17803678517164911,0.17803678517164911,1.4701496644150867,0.02471672336554258,0.0,0.001693878284573225,0.0
3030,37.875,2.914224379801322,-0.06750468825963196,0.06750468825963196,1.4743421291141219,0.02479157723955596,0.0,0.0006422533716256081,0.0
3031,37.8875,2.9133805711980765,-0.18182804656980522,0.18182804656980522,1.4871623189529666,0.02502047382996622,0.0,0.0017299491187398037,0.0
3032,37.9,2.911107720615954,-1.9047273307739587,1.9047273307739587,1.4862748416155027,0.025004628468925125,0.0,0.018121964292494453,0.0
3033,37.9125,2.8872986289812794,-0.6914855918056162,0.6914855918056162,1.3252406812586757,0.022129462756981327,0.0,0.0065789349483340205,0.0
3034,37.925,2.8786550590837092,2.0708691356739095,2.0708691356739095,1.3189090727788615,0.022016415788795967,0.0,0.01970267130879168,0.0
3035,37.9375,2.904540923279633,-0.18899496293979468,0.18899496293979468,1.0975733889826051,0.01806460353063585,0.0,0.001798136622770351,0.0
3036,37.95,2.9021784862428857,-2.9649701965665898,2.9649701965665898,1.1135981137010198,0.018350715116846078,0.0,0.028209331153271757,0.0
3037,37.9625,2.8651163587858033,-0.36118488351814193,0.36118488351814193,0.5278328810814074,0.00789223780777808,0.0,0.003436386645139866,0.0
3038,37.975,2.8606015477418265,0.5552416382075975,0.5552416382075975,0.8870148515739718,0.014305210580886026,0.0,0.005282682186964592,0.0
3039,37.9875,2.8675420682194215,-0.10931867985103594,0.10931867985103594,1.00792921280468,0.01646406199925454,0.0,0.0010400802155540693,0.0
3040,38.0,2.8661755847212835,0.07736841828197782,0.07736841828197782,1.1827835487035692,0.019585978430198173,0.0,0.0007360989107575135,0.0
3041,38.0125,2.8671426899498083,0.5867014194956965,0.5867014194956965,1.326362518082226,0.022149492462245856,0.0,0.005581996962335068,0.0
3042,38.025,2.8744764576935045,0.09832900203765149,0.09832900203765149,1.3362281622411811,0.022325637459985545,0.0,0.0009355221795021333,0.0
3043,38.0375,2.875705570218975,0.5649658512709266,0.5649658512709266,1.3426251524377244,0.022439851778438148,0.0,0.005375200333294046,0.0
3044,38.05,2.8827676433598617,1.04838094155987,1.04838094155987,1.3285117991207043,0.02218786655090798,0.0,0.00997451009439751,0.0
3045,38.0625,2.89587240512936,2.048403498478457,2.048403498478457,1.334704905046315,0.022298440641326408,0.0,0.019488928654666643,0.0
3046,38.075,2.9214774488603408,1.4633184498589458,1.4633184498589458,1.2362973108575839,0.020541433680943768,0.0,0.013922310174505058,0.0
3047,38.0875,2.9397689294835776,-1.753965670768487,1.753965670768487,1.124581311528388,0.01854681334675439,0.0,0.016687587111490702,0.0
3048,38.1,2.9178443585989715,-1.6994324706984898,1.6994324706984898,0.992411389778894,0.016187000830438624,0.0,0.016168747124025207,0.0
3049,38.1125,2.8966014527152404,-0.7445561988073379,0.7445561988073379,0.794285795932172,0.012649590427426277,0.0,0.0070838595270533355,0.0
3050,38.125,2.8872945002301487,-0.38309447891812454,0.38309447891812454,0.7596269961232495,0.012030778911863806,0.0,0.0036448390042185547,0.0
3051,38.1375,2.882505819243672,0.13265299340137204,0.13265299340137204,0.7485272808562292,0.011832600334862749,0.0,0.0012620876336852701,0.0
3052,38.15,2.8841639816611893,-1.1095274957566659,1.1095274957566659,0.7753655231809755,0.012311780615183182,0.0,0.010556270881813289,0.0
3053,38.1625,2.870294887964231,-1.473739376827119,1.473739376827119,0.8069158527297774,0.012875092309535716,0.0,0.014021456999019405,0.0
3054,38.175,2.851873145753892,-0.1769677059220598,0.1769677059220598,0.6172283940321373,0.009488339610451714,0.0,0.001683706846554833,0.0
3055,38.1875,2.849661049429866,0.9154089232829676,0.9154089232829676,1.5757680210505165,0.026602474046498424,0.0,0.008709387192981593,0.0
3056,38.2,2.8611036609709033,0.2369539932522713,0.2369539932522713,2.2361074894631296,0.038392428386721425,0.0,0.002254428618366492,0.0
3057,38.2125,2.8640655858865567,0.35143977313254027,0.35143977313254027,2.497161852735177,0.04305339319425017,0.0,0.0033436696774243185,0.0
3058,38.225,2.8684585830507134,-0.11331688026000819,0.11331688026000819,2.5367449523145273,0.043760125048105426,0.0,0.0010781199096745872,0.0
3059,38.2375,2.8670421220474633,-0.5871845122888075,0.5871845122888075,2.7754062008505818,0.048021274589544756,0.0,0.0055865932056950885,0.0
3060,38.25,2.8597023156438532,-1.276880282027797,1.276880282027797,2.803617784164069,0.04852497502703485,0.0,0.012148499421854541,0.0
3061,38.2625,2.843741312118506,-0.10377536756728034,0.10377536756728034,2.7793578439225457,0.04809182874178907,0.0,0.0009873400119326165,0.0
3062,38.275,2.8424441200239148,4.104620481246357,4.104620481246357,2.9068966483482077,0.0503689555117516,0.0,0.039052196392416486,0.0
3063,38.2875,2.8937518760394942,4.57985024678397,4.57985024678397,2.8613245860606633,0.049555294418842,0.0,0.043573629304445805,0.0
3064,38.3,2.951000004124294,3.152978291948685,3.152978291948685,2.473095023377947,0.04262369478485814,0.0,0.02999807851682736,0.0
3065,38.3125,2.9904122327736524,1.3105613258596804,1.3105613258596804,3.8300427481872523,0.06685116032773954,0.0,0.012468947742091181,0.0
3066,38.325,3.0067942493468984,-3.186734649820231,3.186734649820231,4.269022616761714,0.07468887540361027,0.0,0.030319243390197582,0.0
3067,38.3375,2.9669600662241455,-1.2664637583291949,1.2664637583291949,4.12020313082482,0.0720317951773605,0.0,0.012049394490944937,0.0
3068,38.35,2.9511292692450306,0.7395147150485215,0.7395147150485215,4.1071953168599045,0.07179954867378388,0.0,0.007035893822365653,0.0
3069,38.3625,2.960373203183137,2.4109156193753023,2.4109156193753023,4.253875784665674,0.07441843804925882,0.0,0.02293794290691642,0.0
3070,38.375,2.9905096484253284,3.839915545426038,3.839915545426038,4.204087871341858,0.07352950553369399,0.0,0.03653373964667657,0.0
3071,38.3875,3.038508592743154,-2.0993315950224556,2.0993315950224556,3.9908548578146026,0.06972236146072512,0.0,0.019973468951928003,0.0
3072,38.4,3.012266947805373,-8.852429032518678,8.852429032518678,3.9417324790277264,0.06884531165424812,0.0,0.0842238152607171,0.0
3073,38.4125,2.9016115848988897,-5.491828856099694,5.491828856099694,2.396590118420332,0.0412577468453511,0.0,0.052250379790733444,0.0
3074,38.425,2.8329637241976435,0.40918898207284116,0.40918898207284116,1.5189658260190104,0.025588305852893737,0.0,0.003893107429184142,0.0
3075,38.4375,2.838078586473554,-0.8647350483122196,0.8647350483122196,1.53253473543992,0.02583057037011806,0.0,0.008227265611616411,0.0
3076,38.45,2.8272693983696513,3.2184046634949226,3.2184046634949226,1.6384743045084689,0.027722056101152148,0.0,0.030620558359370817,0.0
3077,38.4625,2.867499456663338,1.5632271851965385,1.5632271851965385,1.8090746036734136,0.03076801932733671,0.0,0.014872862258808088,0.0
3078,38.475,2.8870397964782946,-0.8749244112688359,0.8749244112688359,1.7838328032964272,0.030317342534345537,0.0,0.008324209288897525,0.0
3079,38.4875,2.876103241337434,1.1357168073497803,1.1357168073497803,2.018811810495472,0.03451274792552623,0.0,0.010805441333597893,0.0
3080,38.5,2.8902997014293064,0.12889473101299842,0.12889473101299842,2.137398441505482,0.03663003915503558,0.0,0.0012263307588278817,0.0
3081,38.5125,2.891910885566969,-1.633734392096322,1.633734392096322,2.390601783763296,0.041150828819763216,0.0,0.015543682205137209,0.0
3082,38.525,2.871489205665765,-0.7061727131376117,0.7061727131376117,2.489662214920494,0.04291949178197221,0.0,0.006718671216112466,0.0
3083,38.5375,2.8626620467515447,-1.8534425681461997,1.8534425681461997,2.551829144337937,0.044029444002555734,0.0,0.017634030601370452,0.0
3084,38.55,2.839494014649717,-3.8811533825628075,3.8811533825628075,2.466366360309425,0.04250355865163665,0.0,0.03692608483961743,0.0
3085,38.5625,2.790979597367682,-1.3107813014456937,1.3107813014456937,2.0871522352765157,0.03573292410202654,0.0,0.012471040634680344,0.0
3086,38.575,2.774594831099611,2.8131523197422226,2.8131523197422226,2.061896911932206,0.03528200586478599,0.0,0.02676490491003852,0.0
3087,38.5875,2.8097592350963887,2.2875358880090246,2.2875358880090246,1.8112918990878106,0.030807607770773796,0.0,0.021764082979506903,0.0
3088,38.6,2.8383534336965015,3.0312789673569185,3.0312789673569185,1.6215181319863277,0.027419314088318113,0.0,0.028840206322188068,0.0
3089,38.6125,2.876244420788463,2.5566807604554143,2.5566807604554143,1.5062162955632559,0.025360670842231762,0.0,0.024324782187828534,0.0
3090,38.625,2.9082029302941557,1.7337797439979141,1.7337797439979141,2.392063479989737,0.041176926505261925,0.0,0.01649553408729296,0.0
3091,38.6375,2.9298751770941296,-0.06555672661264111,0.06555672661264111,2.4555598288274663,0.042310614690472634,0.0,0.0006237200672310243,0.0
3092,38.65,2.9290557180114716,-1.1177132989318395,1.1177132989318395,4.360940739224728,0.07633001684481941,0.0,0.01063415228270945,0.0
3093,38.6625,2.9150843017748236,-0.9380101267823093,0.9380101267823093,4.494153786292183,0.07870845372096552,0.0,0.008924419652570466,0.0
3094,38.675,2.9033591751900447,-0.385618620135908,0.385618620135908,4.7613981463297135,0.08347993710677432,0.0,0.00366885419856099,0.0
3095,38.6875,2.898538942438346,-0.145472018627828,0.145472018627828,4.8363184288350975,0.08481759258876219,0.0,0.0013840504541190095,0.0
3096,38.7,2.896720542205498,-2.5106939262322214,2.5106939262322214,4.889195193775136,0.0857616746467382,0.0,0.023887254068053546,0.0
3097,38.7125,2.8653368681275952,-5.844900154589929,5.844900154589929,4.83748418506587,0.08483840644798171,0.0,0.05560957213315907,0.0
3098,38.725,2.792275616195221,-2.3384702790290035,2.3384702790290035,4.381601576320612,0.07669890336098788,0.0,0.022248683163696492,0.0
3099,38.7375,2.7630447377073586,10.193553754654658,10.193553754654658,4.327661901357667,0.07573584369946507,0.0,0.09698354938835954,0.0
3100,38.75,2.890464159640542,3.2689747642226763,3.2689747642226763,2.5042109913179815,0.04317925122031812,0.0,0.031101692611423485,0.0
3101,38.7625,2.9313263441933253,-4.5461869101663055,4.5461869101663055,2.2378302615932513,0.038423187421618384,0.0,0.043253349454256615,0.0
3102,38.775,2.8744990078162465,-2.429240790440339,2.429240790440339,1.5587150979207358,0.026298004611177896,0.0,0.023112292321832154,0.0
3103,38.7875,2.844133497935742,-2.033517073976725,2.033517073976725,1.3291706105114913,0.022199629222363723,0.0,0.01934729617588361,0.0
3104,38.8,2.818714534511033,-1.5098916433464638,1.5098916433464638,1.1291979344433387,0.01862924030436778,0.0,0.014365417035908308,0.0
3105,38.8125,2.7998408889692024,-0.7350448149251321,0.7350448149251321,1.100987608180641,0.018125562310744997,0.0,0.006993366280959416,0.0
3106,38.825,2.790652828782638,1.3077631730099526,1.3077631730099526,1.1205323833034426,0.018474522228045857,0.0,0.012442325545197988,0.0
3107,38.8375,2.8069998684452626,2.0610335760571985,2.0610335760571985,1.0254825632093088,0.016777466255229124,0.0,0.019609093788644314,0.0
3108,38.85,2.8327627881459776,0.7620293527434185,0.7620293527434185,0.7376025650159337,0.011637546264799938,0.0,0.007250102677236016,0.0
3109,38.8625,2.8422881550552703,-0.20367433916845812,0.20367433916845812,0.7234349766834103,0.011384592704484874,0.0,0.0019377992020560893,0.0
3110,38.875,2.8397422258156646,0.7733206714104668,0.7733206714104668,0.7200964111168414,0.011324984673351569,0.0,0.007357530585889104,0.0
3111,38.8875,2.8494087342082954,0.4498215163637198,0.4498215163637198,0.6997597729256162,0.010961886528870585,0.0,0.004279693647398199,0.0
3112,38.9,2.855031503162842,-1.3328385800153342,1.3328385800153342,0.7143018249928025,0.011221525908442154,0.0,0.012680898081555014,0.0
3113,38.9125,2.8383710209126503,-0.9421484751689846,0.9421484751689846,0.5368289532602644,0.008052857133600055,0.0,0.00896379274313391,0.0
3114,38.925,2.826594164973038,0.28003185532753605,0.28003185532753605,0.4224028414320109,0.006009849410576314,0.0,0.002664280183843709,0.0
3115,38.9375,2.830094563164632,-0.43290166713600087,0.43290166713600087,0.4284259119041844,0.006117387622740999,0.0,0.004118714751056894,0.0
3116,38.95,2.824683292325432,-0.6442776629755897,0.6442776629755897,0.4009287894140783,0.005626443443037204,0.0,0.006129789085428415,0.0
3117,38.9625,2.8166298215382373,-0.054116937747217264,0.054116937747217264,0.3609681509833509,0.004912970865611242,0.0,0.000514879582830221,0.0
3118,38.975,2.815953359816397,0.6058250975679158,0.6058250975679158,0.5342461492756105,0.008006742759849207,0.0,0.005763943535771959,0.0
3119,38.9875,2.823526173535996,0.6056783433876944,0.6056783433876944,0.6705921648346858,0.01044111685803408,0.0,0.005762547286570943,0.0
3120,39.0,2.831097152828342,0.011158106514841393,0.011158106514841393,0.9513470975498826,0.015453823194460791,0.0,0.0001061605010684871,0.0
3121,39.0125,2.8312366291597777,0.09774677689748046,0.09774677689748046,0.9932568090926306,0.01620209527138013,0.0,0.0009299827707742263,0.0
3122,39.025,2.832458463870996,0.34556425209640196,0.34556425209640196,1.4360708009438587,0.024108266255961762,0.0,0.0032877687719790054,0.0
3123,39.0375,2.8367780170222012,-0.07046212408081232,0.07046212408081232,1.8570368099214216,0.031624354967972744,0.0,0.0006703910191948257,0.0
3124,39.05,2.835897240471191,-0.4141577015530373,0.4141577015530373,1.8955319832451076,0.032311662568859076,0.0,0.003940380839684819,0.0
3125,39.0625,2.830720269201778,-1.1153009364664612,1.1153009364664612,1.9050107823629017,0.03248090068674348,0.0,0.010611200574214578,0.0
3126,39.075,2.8167790074959473,-1.2966199431668457,1.2966199431668457,1.872120993865753,0.03189367377817609,0.0,0.012336306583818468,0.0
3127,39.0875,2.8005712582063618,-2.002444966404866,2.002444966404866,2.096838294050059,0.03590586271336127,0.0,0.019051669807315163,0.0
3128,39.1,2.775540696126301,-0.8075313081728197,0.8075313081728197,1.9811260331447489,0.033839891591027675,0.0,0.007683017561276255,0.0
3129,39.1125,2.7654465547741407,2.9352131923441505,2.9352131923441505,2.121309508305974,0.03634278116595749,0.0,0.027926216946183895,0.0
3130,39.125,2.8021367196784426,3.348089843024482,3.348089843024482,1.8719649372764202,0.03189088748392785,0.0,0.031854409606596565,0.0
3131,39.1375,2.8439878427162486,1.0773166664198541,1.0773166664198541,1.5053196978440806,0.025344662642394735,0.0,0.010249810482131751,0.0
3132,39.15,2.857454301046497,0.6780289470708212,0.6780289470708212,1.4829206886929058,0.024944742135154095,0.0,0.006450905685855989,0.0
3133,39.1625,2.865929662884882,-0.5000636528631119,0.5000636528631119,1.54321100343699,0.026021188557021263,0.0,0.004757707580894209,0.0
3134,39.175,2.859678867224093,-2.969237916165177,2.969237916165177,1.537093213030118,0.025911959178784243,0.0,0.028249935107930484,0.0
3135,39.1875,2.8225633932720284,0.4845844260321286,0.4845844260321286,1.1252486960858838,0.01855872908681936,0.0,0.004610435059849153,0.0
3136,39.2,2.82862069859743,-2.291911032366478,2.291911032366478,1.11215707145378,0.018324986195420057,0.0,0.02180570899523067,0.0
3137,39.2125,2.799971810692849,-0.8061427016446743,0.8061427016446743,0.7712572954914251,0.012238430741071499,0.0,0.007669806075562365,0.0
3138,39.225,2.7898950269222906,1.1417455616573946,1.1417455616573946,1.0229368404611652,0.01673201394410856,0.0,0.010862800131639823,0.0
3139,39.2375,2.804166846443008,0.7906593511964388,0.7906593511964388,0.9551121688582423,0.01552104622282218,0.0,0.007522494321581764,0.0
3140,39.25,2.8140500883329636,1.3853861232416165,1.3853861232416165,1.107521032092607,0.018242212569122812,0.0,0.013180846124836387,0.0
3141,39.2625,2.8313674148734838,-0.3151291992640637,0.3151291992640637,0.9947764328293416,0.01622922721688266,0.0,0.002998203472129129,0.0
3142,39.275,2.827428299882683,-0.21120242136575484,0.21120242136575484,1.0254291709892196,0.01677651297003706,0.0,0.0020094229114271,0.0
3143,39.2875,2.824788269615611,-0.02217778812735105,0.02217778812735105,1.0265521946982668,0.016796563866410832,0.0,0.00021100399938454956,0.0
3144,39.3,2.824511047264019,-0.3411918732853536,0.3411918732853536,1.0585978480626514,0.01736871926229674,0.0,0.0032461690682277704,0.0
3145,39.3125,2.820246148847952,-2.064548804268469,2.064548804268469,1.0522498688825264,0.017255380005344143,0.0,0.01964253838677413,0.0
3146,39.325,2.7944392887945964,0.4798945006892197,0.4798945006892197,0.8188431699043427,0.013088047208668923,0.0,0.004565814153630453,0.0
3147,39.3375,2.8004379700532116,1.7720188658830338,1.7720188658830338,0.8170662006295778,0.013056320517147939,0.0,0.016859348891744213,0.0
3148,39.35,2.8225882058767495,-0.1520303547059143,0.1520303547059143,0.5245191565079945,0.007833073297271795,0.0,0.0014464478011329601,0.0
3149,39.3625,2.8206878264429256,-0.7711712387353131,0.7711712387353131,0.5405530124584816,0.008119347916004467,0.0,0.0073370804450427355,0.0
3150,39.375,2.811048185958734,0.25108136646171175,0.25108136646171175,0.5048312934740254,0.0074815586334806864,0.0,0.0023888393283467988,0.0
3151,39.3875,2.8141867030395056,0.731472363217236,0.731472363217236,0.5108826948499549,0.0075896026764758415,0.0,0.006959377246812021,0.0
3152,39.4,2.823330107579721,0.09599455984226068,0.09599455984226068,0.7564515854176976,0.011974083910246066,0.0,0.0009133118203476947,0.0
3153,39.4125,2.8245300395777493,-0.8766735811531845,0.8766735811531845,0.7570500663041054,0.011984769417718767,0.0,0.00834085124791892,0.0
3154,39.425,2.8135716198133345,-0.45501983065559415,0.45501983065559415,0.7322765268382825,0.011542453134777373,0.0,0.004329151469762847,0.0
3155,39.4375,2.8078838719301396,-0.01536931053202295,0.01536931053202295,0.8787712062160041,0.014158025372343105,0.0,0.00014622675495941213,0.0
3156,39.45,2.8076917555484893,0.39966353176723146,0.39966353176723146,1.0905994392070584,0.017940087954393894,0.0,0.0038024803522691236,0.0
3157,39.4625,2.8126875496955797,0.5440236062840498,0.5440236062840498,1.0939745113173907,0.018000347787372577,0.0,0.005175951543335936,0.0
3158,39.475,2.8194878447741303,-0.3349832783830209,0.3349832783830209,1.365159781042021,0.022842193687452328,0.0,0.0031870992300893535,0.0
3159,39.4875,2.8153005537943425,-1.7391937222808096,1.7391937222808096,1.3890048842917853,0.02326793331381214,0.0,0.01654704378085267,0.0
3160,39.5,2.7935606322658324,0.12830187060259846,0.12830187060259846,1.446708953669021,0.024298203918169788,0.0,0.0012206901639699626,0.0
3161,39.5125,2.795164405648365,0.6880330216132435,0.6880330216132435,1.4686271585340338,0.024689539961128656,0.0,0.006546086491375047,0.0
3162,39.525,2.8037648184185304,1.4474537696305845,1.4474537696305845,1.4675208391000019,0.024669787309292937,0.0,0.013771370371224457,0.0
3163,39.5375,2.8218579905389127,1.8269052102125016,1.8269052102125016,1.3836927632504217,0.023173088665682944,0.0,0.01738154876571778,0.0
3164,39.55,2.844694305666569,0.46767049888959633,0.46767049888959633,1.3311820430511752,0.02223554211101525,0.0,0.004449512507434117,0.0
3165,39.5625,2.850540186902689,-2.3729748534476514,2.3729748534476514,1.3362538425982198,0.022326095966937513,0.0,0.02257696672189397,0.0
3166,39.575,2.8208780012345933,0.7984989187783142,0.7984989187783142,1.0525810035623613,0.0172612922110239,0.0,0.007597081566428834,0.0
3167,39.5875,2.8308592377193222,-2.0817907262591007,2.0817907262591007,1.0461972240240558,0.017147313760734386,0.0,0.019806581549068253,0.0
3168,39.6,2.8048368536410835,-0.7263971663361701,0.7263971663361701,0.7497608251624963,0.0118546245084026,0.0,0.006911090788603495,0.0
3169,39.6125,2.7957568890618814,-0.6688818267096508,0.6688818267096508,0.7250786313118954,0.011413939145138375,0.0,0.006363878117192435,0.0
3170,39.625,2.7873958662280107,0.42781820233400936,0.42781820233400936,0.6859279532761234,0.010714927911507095,0.0,0.004070349630162445,0.0
3171,39.6375,2.792743593757186,1.4822625936264089,1.4822625936264089,0.6768017561185337,0.010551985284366378,0.0,0.014102548621950631,0.0
3172,39.65,2.811271876177516,0.5717913049920398,0.5717913049920398,0.46228447847430354,0.006721911466888493,0.0,0.00544013909204217,0.0
3173,39.6625,2.8184192674899164,0.4580711218900646,0.4580711218900646,0.5106721956814763,0.0075858443435217575,0.0,0.0043581820768758385,0.0
3174,39.675,2.8241451565135423,-0.7282962469026444,0.7282962469026444,0.58833762323547,0.008972512698930929,0.0,0.006929159028428789,0.0
3175,39.6875,2.815041453427259,-0.2734116586395885,0.2734116586395885,0.5329415627252919,0.00798345017081451,0.0,0.0026012942823711205,0.0
3176,39.7,2.8116238076942643,-0.4862454692390372,0.4862454692390372,0.5946433943728278,0.009085098357286412,0.0,0.004626238563688024,0.0
3177,39.7125,2.8055457393287764,-0.0739458051951658,0.0739458051951658,0.6104573831250052,0.009367447382664477,0.0,0.0007035354718105704,0.0
3178,39.725,2.804621416763837,-0.28902611343056606,0.28902611343056606,0.6751282966331661,0.010522106696357508,0.0,0.0027498533898071887,0.0
3179,39.7375,2.8010085903459547,0.49221232419466077,0.49221232419466077,0.7729084809961186,0.012267911640879554,0.0,0.004683008438670794,0.0
3180,39.75,2.807161244398388,0.8387958724836153,0.8387958724836153,0.9320577723781164,0.015109424178640137,0.0,0.007980475002510331,0.0
3181,39.7625,2.817646192804433,0.9448119879041528,0.9448119879041528,1.0257263791351738,0.016781819438358218,0.0,0.008989133946517446,0.0
3182,39.775,2.829456342653235,0.18302957733162373,0.18302957733162373,1.4061595459779666,0.023574219228370972,0.0,0.0017413807274589167,0.0
3183,39.7875,2.8317442123698804,-0.794573088274042,0.794573088274042,1.4433422216590097,0.02423809299254358,0.0,0.0075597304143414125,0.0
3184,39.8,2.821812048766455,0.6236138688966264,0.6236138688966264,1.4235927436451035,0.023885478231249774,0.0,0.0059331895341980185,0.0
3185,39.8125,2.8296072221276627,-0.8188943671376236,0.8188943671376236,1.408597599466148,0.02361774917119535,0.0,0.007791128021753563,0.0
3186,39.825,2.8193710425384424,-1.1028374852589096,1.1028374852589096,1.395330854828201,0.023380879619991943,0.0,0.010492620757515713,0.0
3187,39.8375,2.805585573972706,-1.5533918824710469,1.5533918824710469,1.34246258838914,0.02243694929751454,0.0,0.014779287182776178,0.0
3188,39.85,2.786168175441818,-1.4733098201403294,1.4733098201403294,1.2259034082846456,0.020355856954708925,0.0,0.01401737010909357,0.0
3189,39.8625,2.767751802690064,2.8799357985234764,2.8799357985234764,1.1104048349469333,0.018293701092231152,0.0,0.02740029654759678,0.0
3190,39.875,2.8037510001716073,0.9386781273722278,0.9386781273722278,0.4750132311689047,0.0069491755034272965,0.0,0.0089307751464211,0.0
3191,39.8875,2.81548447676376,0.4223536907531056,0.4223536907531056,0.3401910790927956,0.004542009048802022,0.0,0.004018359152499261,0.0
3192,39.9,2.820763897898174,0.2216786800362769,0.2216786800362769,0.30894157302744524,0.003984068372394067,0.0,0.0021090961730424475,0.0
3193,39.9125,2.8235348813986274,-0.6107339537312129,0.6107339537312129,0.3053361546463856,0.003919695848679442,0.0,0.005810647394466586,0.0
3194,39.925,2.8159007069769872,-0.24147747970186373,0.24147747970186373,0.26276948550375934,0.003159694198598825,0.0,0.0022974659910091092,0.0
3195,39.9375,2.812882238480714,-0.13451119760997443,0.13451119760997443,0.3340145576795939,0.004431731064634104,0.0,0.0012797669675050731,0.0
3196,39.95,2.8112008485105893,-0.10917726118041315,0.10917726118041315,0.3326807525284222,0.004407916795484221,0.0,0.001038734729479547,0.0
3197,39.9625,2.809836132745834,0.48491193232692353,0.48491193232692353,0.3406969275954629,0.004551040662138499,0.0,0.00461355102153246,0.0
3198,39.975,2.8158975318999206,-0.04307935558259146,0.04307935558259146,0.2946707657294471,0.0037292719010488364,0.0,0.0004098657750105233,0.0
3199,39.9875,2.8153590399551383,-0.12689382213324052,0.12689382213324052,0.30869065784182814,0.003979588436356311,0.0,0.0012072937036622094,0.0
3200,40.0,2.8137728671784727,-0.17726706264610925,0.17726706264610925,0.3185132781726628,0.004154965270154051,0.0,0.0016865549874809877,0.0
3201,40.0125,2.8115570288953964,-0.4237181181652616,0.4237181181652616,0.33551188161323586,0.004458464860892865,0.0,0.004031340593172317,0.0
3202,40.025,2.8062605524183306,0.6312327233620252,0.6312327233620252,0.3045184299260797,0.003905095877639616,0.0,0.006005676869440679,0.0
3203,40.0375,2.814150961460356,-0.10478229416428064,0.10478229416428064,0.2381739680690029,0.0027205563893338137,0.0,0.0009969201169382962,0.0
3204,40.05,2.8128411827833024,-0.23474024222476686,0.23474024222476686,0.2540958415630639,0.0030048316303050086,0.0,0.002233366539598185,0.0
3205,40.0625,2.809906929755493,-0.03451509428867183,0.03451509428867183,0.31016913004764907,0.004005985646630324,0.0,0.0003283836463864015,0.0
3206,40.075,2.8094754910768844,0.2636822470007161,0.2636822470007161,0.32006706537209023,0.004182707183233561,0.0,0.002508726675733701,0.0
3207,40.0875,2.8127715191643934,0.25571142165219385,0.25571142165219385,0.310695497409382,0.004015383611552719,0.0,0.002432890617724844,0.0
3208,40.1,2.815967911935046,-0.34693475777160643,0.34693475777160643,0.3565080122994616,0.004833337837525664,0.0,0.0033008080424863618,0.0
3209,40.1125,2.8116312274629007,-0.14437124142098412,0.14437124142098412,0.3768725946572002,0.0051969349078819435,0.0,0.0013735774352705266,0.0
3210,40.125,2.8098265869451384,-0.3322915440569574,0.3322915440569574,0.38204619466796447,0.0052893063483595475,0.0,0.0031614895207342703,0.0
3211,40.1375,2.8056729426444265,0.2714446356839417,0.2714446356839417,0.36719117946654733,0.005024079204858577,0.0,0.0025825796247984467,0.0
3212,40.15,2.8090660005904757,0.5551797200895692,0.5551797200895692,0.35830317621487534,0.004865389383144802,0.0,0.005282093085361522,0.0
3213,40.1625,2.8160057470915953,-0.22604333333422488,0.22604333333422488,0.29991708552438656,0.0038229417084665795,0.0,0.0021506223746864343,0.0
3214,40.175,2.8131802054249175,-0.14912563019091607,0.14912563019091607,0.2955470599419374,0.0037449175942840117,0.0,0.0014188116596811848,0.0
3215,40.1875,2.811316135047531,-0.5567032395714833,0.5567032395714833,0.4184168445195092,0.0059386818916763225,0.0,0.0052965881604329496,0.0
3216,40.2,2.8043573445528875,0.48973834269897765,0.48973834269897765,0.3692855771249487,0.005061473384585833,0.0,0.004659470474154453,0.0
3217,40.2125,2.8104790738366248,0.22859088652527504,0.22859088652527504,0.5042219624955728,0.007470679404299809,0.0,0.002174860315317381,0.0
3218,40.225,2.8133364599181907,-0.14621289133948778,0.14621289133948778,0.5086839390640646,0.007550345246682551,0.0,0.001391099268198097,0.0
3219,40.2375,2.811508798776447,0.14864932123174412,0.14864932123174412,0.5349421339082433,0.008019169136633806,0.0,0.001414279959100818,0.0
3220,40.25,2.813366915291844,0.02787935488719029,0.02787935488719029,0.5444183841319399,0.008188361745584601,0.0,0.0002652498683673272,0.0
3221,40.2625,2.813715407227934,-0.17400586240668758,0.17400586240668758,0.5590467421059919,0.00844954206394586,0.0,0.0016555272632841286,0.0
3222,40.275,2.81154033394785,-0.8509025694393912,0.8509025694393912,0.5651873170425584,0.008559178245921886,0.0,0.00809566058649808,0.0
3223,40.2875,2.800904051829858,0.01766212071441231,0.01766212071441231,0.48561174359737636,0.007138405412562288,0.0,0.0001680410186513414,0.0
3224,40.3,2.801124828338788,1.0875602255657313,1.0875602255657313,0.4951525927312738,0.0073087513952520885,0.0,0.010347269793010759,0.0
3225,40.3125,2.8147193311583596,-0.2973386833111036,0.2973386833111036,0.3140691235412829,0.004075617627477452,0.0,0.0028289408749921446,0.0
3226,40.325,2.811002597616971,-0.49051819919593953,0.49051819919593953,0.296047558547666,0.003753853688506988,0.0,0.0046668901879176146,0.0
3227,40.3375,2.8048711201270216,0.3223708167729811,0.3223708167729811,0.24119660208238175,0.002774523657246193,0.0,0.0030671016980306698,0.0
3228,40.35,2.808900755336684,-0.3604335187754515,0.3604335187754515,0.21258466945258386,0.002263675229388673,0.0,0.003429238007737712,0.0
3229,40.3625,2.8043953363519907,0.2924133855407973,0.2924133855407973,0.21682127221168082,0.0023393171612687844,0.0,0.0027820805874951807,0.0
3230,40.375,2.8080505036712506,-0.2347161691701416,0.2347161691701416,0.19221634440406957,0.001900011335594653,0.0,0.002233137503646801,0.0
3231,40.3875,2.805116551556624,0.2741724768438303,0.2741724768438303,0.2995985801925928,0.0038172549920145195,0.0,0.0026085328619344992,0.0
3232,40.4,2.8085437075171718,0.10243943781805598,0.10243943781805598,0.2857516039404074,0.0035700257628486992,0.0,0.0009746297038367654,0.0
3233,40.4125,2.8098242004898974,-0.021171515617304237,0.021171515617304237,0.28692260301903477,0.0035909332298862946,0.0,0.0002014301174955459,0.0
3234,40.425,2.809559556544681,0.06972270229166355,0.06972270229166355,0.3032294253468597,0.00388208149509805,0.0,0.0006633560094884226,0.0
3235,40.4375,2.810431090323327,0.007380389440889701,0.007380389440889701,0.303905782229088,0.0038941574304928194,0.0,7.021853036474255e-05,0.0
3236,40.45,2.810523345191338,-0.380086964568207,0.380086964568207,0.31438239754684727,0.004081210941822968,0.0,0.0036162248993134583,0.0
3237,40.4625,2.8057722581342355,-0.07064601775052637,0.07064601775052637,0.28555519288077735,0.003566518964397715,0.0,0.000672140621073442,0.0
3238,40.475,2.804889182912354,0.6910782659357295,0.6910782659357295,0.3163610339700255,0.004116538276021622,0.0,0.006575059566934155,0.0
3239,40.4875,2.8135276612365505,-0.10162630696559205,0.10162630696559205,0.2410085781033652,0.0027711666049518614,0.0,0.0009668934110690814,0.0
3240,40.5,2.8122573323994806,-0.12593111676668656,0.12593111676668656,0.2929898934478007,0.003699260962129803,0.0,0.0011981343284618784,0.0
3241,40.5125,2.810683193439897,-0.2782737272134739,0.2782737272134739,0.2907963258160923,0.003660096163632748,0.0,0.0026475529943977955,0.0
3242,40.525,2.8072047718497286,-0.09025727573746423,0.09025727573746423,0.28157150437991774,0.003495392660765265,0.0,0.0008587261292604721,0.0
3243,40.5375,2.8060765559030103,0.22776086026475184,0.22776086026475184,0.28372882137577693,0.0035339102264950696,0.0,0.002166963276191617,0.0
3244,40.55,2.8089235666563197,-0.07816591959201702,0.07816591959201702,0.2799373691316692,0.0034662161827805197,0.0,0.0007436865008709369,0.0
3245,40.5625,2.8079464926614195,0.3915752097506342,0.3915752097506342,0.350690989534678,0.004729478480220093,0.0,0.0037255264069968558,0.0
3246,40.575,2.8128411827833024,-0.37629219615521237,0.37629219615521237,0.3257979197260025,0.004285028056655707,0.0,0.0035801206986924533,0.0
3247,40.5875,2.8081375303313623,0.4820699636076142,0.4820699636076142,0.29746736068996543,0.0037792033809463947,0.0,0.004586511951519861,0.0
3248,40.6,2.8141634048764574,-0.0749269626689042,0.0749269626689042,0.26442897136252097,0.003189323296114499,0.0,0.0007128704041219455,0.0
3249,40.6125,2.813226817843096,-0.18760687360096284,0.18760687360096284,0.34389214555803505,0.0046080893101260924,0.0,0.0017849300577010708,0.0
3250,40.625,2.810881731923084,-0.13380071684295558,0.13380071684295558,0.3394977424202269,0.004529629949712825,0.0,0.0012730073085857106,0.0
3251,40.6375,2.809209222962547,0.18648887882424248,0.18648887882424248,0.3429589994133775,0.0045914285606714,0.0,0.001774293227381274,0.0
3252,40.65,2.81154033394785,-0.6025477798658585,0.6025477798658585,0.3369824491883515,0.004484720938856075,0.0,0.005732762466748442,0.0
3253,40.6625,2.804008486699527,-0.13642602298347128,0.13642602298347128,0.26204344252729106,0.0031467311486054967,0.0,0.0012979850066355205,0.0
3254,40.675,2.8023031614122336,-0.01833538414700797,0.01833538414700797,0.2581109416068652,0.0030765187676824544,0.0,0.0001744465842605581,0.0
3255,40.6875,2.802073969110396,0.28961742277104463,0.28961742277104463,0.2588728089566076,0.0030901214397873974,0.0,0.0027554792274695366,0.0
3256,40.7,2.805694186895034,0.6263601717703082,0.6263601717703082,0.23856663056911914,0.0027275671363343177,0.0,0.005959318419844351,0.0
3257,40.7125,2.813523689042163,-0.10569585459091257,0.10569585459091257,0.09415999493787718,0.00014927563331344046,0.0,0.0010056119171571404,0.0
3258,40.725,2.8122024908597765,-0.1918329929632634,0.1918329929632634,0.09588468641068915,0.00018006893689153186,0.0,0.0018251382192274299,0.0
3259,40.7375,2.8098045784477357,-0.04762843881508161,0.04762843881508161,0.16953077856929422,0.0014949745353302762,0.0,0.0004531466806660714,0.0
3260,40.75,2.809209222962547,0.0627740767026097,0.0627740767026097,0.17187697552255915,0.0015368644363211398,0.0,0.0005972453684679149,0.0
3261,40.7625,2.80999389892133,-0.04741306773578202,0.04741306773578202,0.17767639104202973,0.0016404094271103543,0.0,0.0004510975962928676,0.0
3262,40.775,2.8094012355746325,-0.05905227032918958,0.05905227032918958,0.22867954839996957,0.0025510393761316386,0.0,0.0005618353435719672,0.0
3263,40.7875,2.8086630821955176,0.055403064939483215,0.055403064939483215,0.2570154909469982,0.0030569601711126536,0.0,0.0005271160592419809,0.0
3264,40.8,2.809355620507261,-0.08912689933413986,0.08912689933413986,0.2582112536712439,0.0030783097777846396,0.0,0.0008479714976199429,0.0
3265,40.8125,2.8082415342655844,-0.11744684418367513,0.11744684418367513,0.2689586101702336,0.003270197206088428,0.0,0.0011174132287469663,0.0
3266,40.825,2.8067734487132885,0.439516087922982,0.439516087922982,0.2791881141654539,0.00345283869701233,0.0,0.004181645699429698,0.0
3267,40.8375,2.8122673998123258,-0.09314798357308973,0.09314798357308973,0.2363596217309147,0.0026881623533770767,0.0,0.0008862289131660053,0.0
3268,40.85,2.811103050017662,-0.14197966916910332,0.14197966916910332,0.2345586505285301,0.002656007122227235,0.0,0.0013508235291070161,0.0
3269,40.8625,2.8093283041530484,-0.4099408327718379,0.4099408327718379,0.23367253134138316,0.0026401860101232257,0.0,0.003900260690073705,0.0
3270,40.875,2.8042040437434004,0.3370284624086395,0.3370284624086395,0.23049075740010735,0.002583377396852342,0.0,0.0032065575280226227,0.0
3271,40.8875,2.8084168995235084,-0.0894327182337662,0.0894327182337662,0.2005223938072349,0.002048310729914312,0.0,0.000850881121002491,0.0
3272,40.9,2.8072989905455863,0.23080091828834526,0.23080091828834526,0.20013458918049865,0.0020413867172498273,0.0,0.00219588700824532,0.0
3273,40.9125,2.8101840020241906,-0.2421815725053733,0.2421815725053733,0.21530064156754755,0.0023121672380546346,0.0,0.0023041648735408248,0.0
3274,40.925,2.8071567323678734,-0.12858200920529583,0.12858200920529583,0.29880997682364213,0.003803174964760016,0.0,0.001223355459770054,0.0
3275,40.9375,2.8055494572528072,-0.043493273820267575,0.043493273820267575,0.3444048262605879,0.004617242908181865,0.0,0.00041380387754204464,0.0
3276,40.95,2.805005791330054,-0.1297650083156654,0.1297650083156654,0.3711126545935848,0.005094094727034214,0.0,0.0012346107545777674,0.0
3277,40.9625,2.803383728726108,0.39526773852763597,0.39526773852763597,0.37429345136973596,0.005150885893623878,0.0,0.0037606578788693386,0.0
3278,40.975,2.8083245754577035,-0.10126259844582819,0.10126259844582819,0.3493600358555849,0.004705715122347238,0.0,0.0009634330140340062,0.0
3279,40.9875,2.8070587929771307,-0.08219001178236596,0.08219001178236596,0.34767953895444187,0.0046757108856158025,0.0,0.0007819725346800792,0.0
3280,41.0,2.806031417829851,0.321983172955278,0.321983172955278,0.34672437568018555,0.004658657033877982,0.0,0.0030634135756894177,0.0
3281,41.0125,2.810056207491792,0.6341263296700106,0.6341263296700106,0.3278835494302268,0.004322265689963508,0.0,0.006033207230003385,0.0
3282,41.025,2.817982786612667,-0.5011502667954915,0.5011502667954915,0.24713080198420578,0.0028804751401349062,0.0,0.004768045847460851,0.0
3283,41.0375,2.8117184082777236,-0.3934094676680999,0.3934094676680999,0.2083020632461962,0.0021872119343022186,0.0,0.003742977910918959,0.0
3284,41.05,2.8068007899318723,-0.18922695392923572,0.18922695392923572,0.18967198616942105,0.0018545833870217952,0.0,0.001800343832358257,0.0
3285,41.0625,2.804435453007757,0.10904751459214879,0.10904751459214879,0.20291167589792408,0.00209096988948697,0.0,0.0010375002939770942,0.0
3286,41.075,2.8057985469401587,0.02971752143874795,0.02971752143874795,0.2057393991403513,0.002141457145678315,0.0,0.0002827385598313438,0.0
3287,41.0875,2.806170015958143,-0.038066325048724536,0.038066325048724536,0.22161517520839843,0.0024249093455109695,0.0,0.00036217078010802097,0.0
3288,41.1,2.805694186895034,0.04462956459057921,0.04462956459057921,0.24505293255448812,0.0028433760617469265,0.0,0.0004246147796763208,0.0
3289,41.1125,2.8062520564524163,0.17505511246433514,0.17505511246433514,0.2606732294111371,0.0031222668376736295,0.0,0.0016655100423262398,0.0
3290,41.125,2.8084402453582205,0.3311804946178398,0.3311804946178398,0.278260034527303,0.0034362684069095843,0.0,0.0031509187697729224,0.0
3291,41.1375,2.8125800015409435,-0.30896069576815677,0.30896069576815677,0.2706427856187116,0.003300267121015992,0.0,0.0029395150718080553,0.0
3292,41.15,2.8087179928438415,0.2781875754223151,0.2781875754223151,0.25205790742763196,0.002968445571990361,0.0,0.002646733328686127,0.0
3293,41.1625,2.8121953375366204,-0.145381489819556,0.145381489819556,0.25500457452307873,0.0030210564973900934,0.0,0.0013831891445738368,0.0
3294,41.175,2.810378068913876,-0.23486126814056263,0.23486126814056263,0.4949182933818892,0.007304568124732413,0.0,0.002234518004844198,0.0
3295,41.1875,2.807442303062119,0.2982453286641018,0.2982453286641018,0.5432233958749859,0.008167025966548922,0.0,0.0028375668837901146,0.0
3296,41.2,2.81117036967042,-0.25532046580750034,0.25532046580750034,0.5783531327345067,0.008794245772981876,0.0,0.0024291709840833196,0.0
3297,41.2125,2.8079788638478265,0.3262961946881049,0.3262961946881049,0.5899339666391981,0.009001014426817213,0.0,0.0031044485440926283,0.0
3298,41.225,2.812057566281428,0.27610049756180643,0.27610049756180643,0.5790655811920656,0.008806966101216344,0.0,0.0026268764442635016,0.0
3299,41.2375,2.8155088225009504,-0.1331994063210118,0.1331994063210118,0.575431693773781,0.008742085280383269,0.0,0.0012672863176431705,0.0
3300,41.25,2.8138438299219377,0.29890045461080206,0.29890045461080206,0.5767700948921205,0.008765981607695126,0.0,0.0028437998856593975,0.0
3301,41.2625,2.8175800856045727,-1.2084990899263914,1.2084990899263914,0.5998039736313935,0.009177237320256248,0.0,0.01149790681391609,0.0
3302,41.275,2.802473846980493,-0.6755295262887273,0.6755295262887273,0.43749118818058036,0.006279242545084413,0.0,0.006427125686780416,0.0
3303,41.2875,2.7940297279018838,0.6357324772362105,0.6357324772362105,0.3679106697769306,0.005036925261036384,0.0,0.006048488445520635,0.0
3304,41.3,2.8019763838673364,0.4164450156585886,0.4164450156585886,0.30179140657472475,0.00385640655595711,0.0,0.003962142812580791,0.0
3305,41.3125,2.8071819465630687,0.06948456865455199,0.06948456865455199,0.26919668942765856,0.003274447964537173,0.0,0.0006610903574977915,0.0
3306,41.325,2.8080505036712506,0.20656471087370676,0.20656471087370676,0.2681448862813506,0.003255668667428545,0.0,0.0019652987879486637,0.0
3307,41.3375,2.810632562557172,-0.17343283179460656,0.17343283179460656,0.6949707973675738,0.010876382321009903,0.0,0.0016500753331716862,0.0
3308,41.35,2.8084646521597394,0.5533082297812797,0.5533082297812797,0.7171407645146058,0.011272213424390847,0.0,0.005264287344879608,0.0
3309,41.3625,2.8153810050320054,-0.33695684288360894,0.33695684288360894,1.3998224612594161,0.023461074485317163,0.0,0.003205876125254741,0.0
3310,41.375,2.8111690444959603,0.08954278579707875,0.08954278579707875,1.3963828957630624,0.023399663162668678,0.0,0.0008519283262480321,0.0
3311,41.3875,2.8122883293184238,-0.2234146812230975,0.2234146812230975,1.4020553823460131,0.023500941915503618,0.0,0.002125612842389817,0.0
3312,41.4,2.809495645803135,0.15664254594000226,0.15664254594000226,1.4055164646890204,0.02356273740819149,0.0,0.0014903291291865327,0.0
3313,41.4125,2.811453677627385,-0.017512418488792036,0.017512418488792036,1.4211200110795756,0.023841329114866895,0.0,0.00016661672114514915,0.0
3314,41.425,2.811234772396275,1.8251933631857753,1.8251933631857753,1.4214159116178056,0.02384661223665782,0.0,0.01736526190397577,0.0
3315,41.4375,2.8340496894360974,0.5296514727849555,0.5296514727849555,1.3043516121448033,0.021756501298756892,0.0,0.005039212134041211,0.0
3316,41.45,2.8406703328459093,-3.4449740742835644,3.4449740742835644,1.333344821081491,0.022274157180150463,0.0,0.03277618594225162,0.0
3317,41.4625,2.7976081569173648,0.19130620019282674,0.19130620019282674,0.5669108120307168,0.008589950187003701,0.0,0.0018201262053705602,0.0
3318,41.475,2.799999484419775,0.36743807529244776,0.36743807529244776,0.6798612808789581,0.010606611213837018,0.0,0.003495880787013729,0.0
3319,41.4875,2.8045924603609307,-0.35728422657317793,0.35728422657317793,0.9066491895982658,0.014655769588608833,0.0,0.0033992749994298287,0.0
3320,41.5,2.800126407528766,0.6143136936693594,0.6143136936693594,1.301558758361536,0.02170663661527402,0.0,0.005844705770323012,0.0
3321,41.5125,2.807805328699633,0.08387817402066844,0.08387817402066844,1.4373244513116794,0.024130649410842298,0.0,0.0007980340545145345,0.0
3322,41.525,2.8088538058748913,0.8823889660762774,0.8823889660762774,1.4413978493272237,0.02420337742258491,0.0,0.008395228585725095,0.0
3323,41.5375,2.8198836679508448,0.9446337666122062,0.9446337666122062,1.7465293549646097,0.029651312448907445,0.0,0.008987438312797786,0.0
3324,41.55,2.8316915900334974,0.46527629170832085,0.46527629170832085,1.7160036435105943,0.029106294679318693,0.0,0.004426733532014954,0.0
3325,41.5625,2.8375075436798514,1.0785110114229823,1.0785110114229823,1.7294971596663853,0.029347213096247896,0.0,0.010261173724077154,0.0
3326,41.575,2.8509889313226386,-1.7359210446506879,1.7359210446506879,1.706718444867514,0.028940513178623336,0.0,0.016515906858419888,0.0
3327,41.5875,2.829289918264505,-2.665331425227535,2.665331425227535,1.5946065304273713,0.026938824024071172,0.0,0.025358506771680698,0.0
3328,41.6,2.795973275449161,-1.830888398891659,1.830888398891659,1.3201665994840808,0.022038868153292347,0.0,0.01741944563517921,0.0
3329,41.6125,2.773087170463015,0.317561020484014,0.317561020484014,1.17030713439031,0.019363219739979887,0.0,0.0030213403151835958,0.0
3330,41.625,2.7770566832190653,2.9258343270111453,2.9258343270111453,1.1702273066720266,0.0193617944652558,0.0,0.027836984508594117,0.0
3331,41.6375,2.8136296123067046,-0.21624682039806942,0.21624682039806942,0.5471750315325037,0.008237579986412868,0.0,0.0020574163526214115,0.0
3332,41.65,2.8109265270517287,0.7670836940292247,0.7670836940292247,0.5499508095461922,0.008287139792551147,0.0,0.007298190711057762,0.0
3333,41.6625,2.820515073227094,0.7328065227710212,0.7328065227710212,0.5148012261573421,0.00765956563856546,0.0,0.006972070712907434,0.0
3334,41.675,2.829675154761732,0.22908288435893098,0.22908288435893098,0.5278982238405856,0.007893404462482255,0.0,0.002179541283049321,0.0
3335,41.6875,2.8325386908162185,-0.839375073730082,0.839375073730082,0.6017817182731889,0.009212548732247782,0.0,0.007985985641296815,0.0
3336,41.7,2.8220465023945924,-0.6052964864329269,0.6052964864329269,0.5306767855994404,0.007943013970675272,0.0,0.0057589142216238854,0.0
3337,41.7125,2.814480296314181,-0.31519880320029614,0.31519880320029614,0.5717406546367613,0.00867618405082622,0.0,0.002998865698174108,0.0
3338,41.725,2.810540311274177,-0.01596984441402327,0.01596984441402327,0.5613235047135556,0.008490192257476213,0.0,0.0001519403567911351,0.0
3339,41.7375,2.810340688219002,0.2666940374954052,0.2666940374954052,0.6012168275944096,0.009202462957235676,0.0,0.0025373814647522705,0.0
3340,41.75,2.8136743636876944,0.5375989861469677,0.5375989861469677,0.7792856801007235,0.012381772601579879,0.0,0.005114826397055952,0.0
3341,41.7625,2.8203943510145315,0.8039000298938248,0.8039000298938248,1.3343406772923032,0.022291937579197528,0.0,0.007648468839133797,0.0
3342,41.775,2.8304431013882043,-0.8486439663466072,0.8486439663466072,3.1817825105794175,0.055276873210915574,0.0,0.008074171776033163,0.0
3343,41.7875,2.8198350518088717,-0.24568970065910634,0.24568970065910634,3.2566082122961624,0.05661284001119826,0.0,0.002337541920275179,0.0
3344,41.8,2.816763930550633,-0.8535455697328587,0.8535455697328587,3.881434744308807,0.06776873275330209,0.0,0.008120806630327779,0.0
3345,41.8125,2.806094610928972,-0.07017044801333583,0.07017044801333583,6.041843855878538,0.10634150630391052,0.0,0.0006676159536017698,0.0
3346,41.825,2.8052174803288055,0.6093240604479888,0.6093240604479888,6.426599804500415,0.11321108669910604,0.0,0.005797233382223462,0.0
3347,41.8375,2.8128340310844053,1.427487894538686,1.427487894538686,6.423478505953181,0.11315535783673385,0.0,0.013581410963576976,0.0
3348,41.85,2.830677629766139,3.1103767689527473,3.1103767689527473,6.465688938329038,0.11390899909883914,0.0,0.02959275893849981,0.0
3349,41.8625,2.8695573393780482,8.209290741012936,8.209290741012936,6.450940662178689,0.11364567771532771,0.0,0.07810486638782664,0.0
3350,41.875,2.97217347364071,2.1387504323184814,2.1387504323184814,5.89559676023891,0.1037303545214397,0.0,0.020348507809400566,0.0
3351,41.8875,2.998907854044691,-5.978350310618481,5.978350310618481,5.956526003916405,0.10481820862573672,0.0,0.056879244134659966,0.0
3352,41.9,2.92417847516196,-13.12384364717623,13.12384364717623,5.570822393459704,0.09793170831238243,0.0,0.12486292505592862,0.0
3353,41.9125,2.760130429572257,-6.195432740242985,6.195432740242985,3.0830033622649684,0.05351323238055138,0.0,0.05894461064388347,0.0
3354,41.925,2.6826875203192198,0.22450916360511997,0.22450916360511997,2.1830286137926906,0.03744473776618469,0.0,0.002136025970991125,0.0
3355,41.9375,2.6854938848642838,2.5278806014838295,2.5278806014838295,2.2263477089412103,0.03821817351899311,0.0,0.02405077160160507,0.0
3356,41.95,2.7170923923828316,2.854900958457307,2.854900958457307,2.054921746055289,0.03515746857580336,0.0,0.027162109973373014,0.0
3357,41.9625,2.752778654363548,3.5411665210201093,3.5411665210201093,1.8968258540384015,0.03233476383465461,0.0,0.0336913804988704,0.0
3358,41.975,2.7970432358762993,3.2173561226082725,3.2173561226082725,1.425055793605781,0.02391160008683917,0.0,0.030610582327526212,0.0
3359,41.9875,2.8372601874089027,-0.414189895567425,0.414189895567425,1.0501147255579488,0.01721725833685276,0.0,0.003940687140103646,0.0
3360,42.0,2.83208281371431,0.045307986579601334,0.045307986579601334,1.042323436647422,0.017078149673959393,0.0,0.00043106942484346213,0.0
3361,42.0125,2.832649163546555,0.6848506509298247,0.6848506509298247,1.3516140863142538,0.022600343654270327,0.0,0.006515808767651219,0.0
3362,42.025,2.8412097966831777,-1.256378089710175,1.256378089710175,1.6509176235704373,0.027944223896050276,0.0,0.011953437382740089,0.0
3363,42.0375,2.8255050705618006,0.7202877381875794,0.7202877381875794,1.896211171123991,0.0323237890499548,0.0,0.006852964443185154,0.0
3364,42.05,2.8345086672891453,1.7755052767314439,1.7755052767314439,1.8925495050172088,0.03225841225775445,0.0,0.016892519315606497,0.0
3365,42.0625,2.8567024832482883,-0.05045675693889251,0.05045675693889251,1.877157505401073,0.03198359758839172,0.0,0.00048005587612907213,0.0
3366,42.075,2.856071773786552,1.7108582043053389,1.7108582043053389,1.8807416327935453,0.032047589974623564,0.0,0.01627745388382937,0.0
3367,42.0875,2.877457501340369,0.20280766158339958,0.20280766158339958,2.852511279437568,0.04939793825940712,0.0,0.0019295534547536897,0.0
3368,42.1,2.8799925971101614,-2.434221178848972,2.434221178848972,3.051158781203097,0.05294466700673611,0.0,0.02315967675289785,0.0
3369,42.1125,2.8495648323745493,-2.767375526743301,2.767375526743301,2.95789326885939,0.05127946874940171,0.0,0.026329375165308977,0.0
3370,42.125,2.814972638290258,-2.9221889654407107,2.9221889654407107,2.8351998237756977,0.049088852885021,0.0,0.027802301795144625,0.0
3371,42.1375,2.778445276222249,-0.6386149178864287,0.6386149178864287,2.705272510416839,0.04676908075973646,0.0,0.006075912573738116,0.0
3372,42.15,2.7704625897486688,-1.6395829826034358,1.6395829826034358,2.8288141736465966,0.048974841036485396,0.0,0.015599326888036924,0.0
3373,42.1625,2.749967802466126,0.332108714483077,0.332108714483077,2.77828822724209,0.048072731395004044,0.0,0.003159750042880437,0.0
3374,42.175,2.7541191613971643,6.302704806287842,6.302704806287842,2.8011940188737072,0.048481700191178874,0.0,0.059965218958280414,0.0
3375,42.1875,2.8329029714757623,3.0697109665163325,3.0697109665163325,1.7105503623361797,0.029008929703989716,0.0,0.029205856200364113,0.0
3376,42.2,2.8712743585572165,-1.2008056472070194,1.2008056472070194,1.333290758242472,0.022273191921470606,0.0,0.011424709830812918,0.0
3377,42.2125,2.8562642879671287,1.404340027276234,1.404340027276234,1.2639691745016097,0.021035497756284004,0.0,0.013361177433454267,0.0
3378,42.225,2.8738185383080816,-1.667428819703467,1.667428819703467,1.1627245612937644,0.019227837569344867,0.0,0.015864257861341297,0.0
3379,42.2375,2.8529756780617883,-2.424324895842531,2.424324895842531,1.0059694028308077,0.016429070799708324,0.0,0.02306552149803611,0.0
3380,42.25,2.8226716168637567,-0.6494606329160391,0.6494606329160391,0.5303380738806318,0.007936966481633232,0.0,0.00617910091850414,0.0
3381,42.2625,2.814553358952306,1.0642912478125055,1.0642912478125055,0.5422683869139499,0.00814997486997857,0.0,0.010125883992978445,0.0
3382,42.275,2.8278569995499625,-0.5987025646518518,0.5987025646518518,0.4081867839536866,0.005756030463527248,0.0,0.005696178304974026,0.0
3383,42.2875,2.8203732174918144,0.48639392405892323,0.48639392405892323,0.35042372217022233,0.004724706586104573,0.0,0.004627650993121652,0.0
3384,42.3,2.826453141542551,0.039557893880051154,0.039557893880051154,0.31345749614587565,0.004064697397186787,0.0,0.0003763618701734506,0.0
3385,42.3125,2.8269476152160515,-0.08156937522247887,0.08156937522247887,0.3137437845961122,0.004069808901069079,0.0,0.0007760676718710176,0.0
3386,42.325,2.8259279980257705,0.24634760146113877,0.24634760146113877,0.4241225494374448,0.006040553737414934,0.0,0.002343801322684022,0.0
3387,42.3375,2.829007343044035,-0.1778298793990274,0.1778298793990274,0.7902812062396075,0.01257809094589421,0.0,0.0016919097408542463,0.0
3388,42.35,2.826784469551547,-0.7239967958619786,0.7239967958619786,0.7884765808552555,0.012545870471576865,0.0,0.00688825317435853,0.0
3389,42.3625,2.817734509603272,-0.3364631292665976,0.3364631292665976,1.1497237116039511,0.018995715408609167,0.0,0.003201178833210025,0.0
3390,42.375,2.8135287204874397,0.08881124164282994,0.08881124164282994,1.1727484075811043,0.0194068071686106,0.0,0.0008449682659667039,0.0
3391,42.3875,2.814638861007975,0.2006229897212819,0.2006229897212819,1.1725876867125458,0.01940393759653068,0.0,0.0019087680410955431,0.0
3392,42.4,2.817146648379491,-0.05478422062441979,0.05478422062441979,1.2162312133358295,0.0201831658734225,0.0,0.0005212282482156983,0.0
3393,42.4125,2.816461845621686,0.8113025080222513,0.8113025080222513,1.2843215200611153,0.021398876346147542,0.0,0.0077188975257767335,0.0
3394,42.425,2.826603126971964,1.9021048143305208,1.9021048143305208,1.2541426108959863,0.020860050517744564,0.0,0.018097013136191595,0.0
3395,42.4375,2.8503794371510955,-0.09397305454434957,0.09397305454434957,1.0678019972250876,0.01753305367445385,0.0,0.0008940788066590907,0.0
3396,42.45,2.849204773969291,-2.4749799425764607,2.4749799425764607,1.1161577742183448,0.01839641627824762,0.0,0.023547463943716197,0.0
3397,42.4625,2.8182675246870854,-0.7355278057511327,0.7355278057511327,0.6963625311494197,0.010901230870167738,0.0,0.006997961554183553,0.0
3398,42.475,2.8090734271151963,-0.06979886108705813,0.06979886108705813,0.6463273222395776,0.010007883044285624,0.0,0.0006640805998003278,0.0
3399,42.4875,2.808200941351608,0.935040872959263,0.935040872959263,0.6497995364107517,0.01006987728890654,0.0,0.008896169566121223,0.0
3400,42.5,2.819888952263599,1.1683785908802946,1.1683785908802946,0.5832030495797356,0.008880838049976286,0.0,0.011116192203450039,0.0
3401,42.5125,2.8344936846496025,-0.21294866072942398,0.21294866072942398,0.42719474538795077,0.0060954059031771216,0.0,0.0020260369888770733,0.0
3402,42.525,2.8318318263904847,-0.39575504949706186,0.39575504949706186,0.42452976580506296,0.006047824334752317,0.0,0.003765294254819112,0.0
3403,42.5375,2.8268848882717714,-0.9239521136626649,0.9239521136626649,0.40583386409553757,0.005714020529211997,0.0,0.008790668848630409,0.0
3404,42.55,2.815335486850988,-0.19602678103257887,0.19602678103257887,0.24081432633077746,0.0027676983592405725,0.0,0.0018650387742383892,0.0
3405,42.5625,2.812885152088081,0.059556817489898606,0.059556817489898606,0.24254772862960652,0.002798647189250022,0.0,0.000566635708160915,0.0
3406,42.575,2.8136296123067046,0.20217646099141007,0.20217646099141007,0.25420097098060634,0.0030067086512797184,0.0,0.0019235480835886802,0.0
3407,42.5875,2.8161568180690972,0.4662534828397824,0.4662534828397824,0.24886267393292386,0.00291139664668605,0.0,0.004436030727736975,0.0
3408,42.6,2.8219849866045945,0.3225910091915196,0.3225910091915196,0.2696113654526581,0.0032818517494608316,0.0,0.003069196653608701,0.0
3409,42.6125,2.8260173742194885,-0.16488937093050993,0.16488937093050993,0.34202779019346796,0.004574802393814646,0.0,0.0015687911040791302,0.0
3410,42.625,2.823956257082857,0.18007466434823982,0.18007466434823982,0.3874892263634187,0.005386488325556908,0.0,0.001713267082683025,0.0
3411,42.6375,2.82620719038721,-0.003290060357095115,0.003290060357095115,0.5048059911128392,0.00748110687541176,0.0,3.130230524240051e-05,0.0
3412,42.65,2.8261660646327464,-0.21243678132535138,0.21243678132535138,0.6216908581767201,0.00956801415820514,0.0,0.0020211668638293596,0.0
3413,42.6625,2.8235106048661796,-0.2232865387396643,0.2232865387396643,0.6264608183644707,0.009653178858345586,0.0,0.0021243936686678837,0.0
3414,42.675,2.8207195231319337,0.13925263378300912,0.13925263378300912,0.6973328586752869,0.010918555470274614,0.0,0.00132487795826718,0.0
3415,42.6875,2.8224601810542214,0.5508662028967137,0.5508662028967137,0.7039898425350564,0.011037411815388976,0.0,0.005241053403050551,0.0
3416,42.7,2.8293460085904303,0.6770574024986686,0.6770574024986686,0.6781790750911509,0.010576576465987125,0.0,0.006441662212650845,0.0
3417,42.7125,2.8378092261216636,-0.5408397497508943,0.5408397497508943,0.7647834253952143,0.012122843779379899,0.0,0.005145659682934677,0.0
3418,42.725,2.8310487292497775,-0.9326716408606472,0.9326716408606472,0.740659216600157,0.01169212089547981,0.0,0.008873628208732132,0.0
3419,42.7375,2.8193903337390194,-1.0263402458804194,1.0263402458804194,0.673682645805206,0.010496295491562302,0.0,0.009764810420522173,0.0
3420,42.75,2.806561080665514,-0.30456272999643375,0.30456272999643375,0.5985263674949386,0.009154426449887102,0.0,0.0028976719284945223,0.0
3421,42.7625,2.8027540465405587,0.8946600187340792,0.8946600187340792,0.6775211967514808,0.010564830453584171,0.0,0.008511977883382121,0.0
3422,42.775,2.8139372967747347,-0.30662673864128465,0.30662673864128465,0.6285602324179812,0.009690662602716662,0.0,0.0029173093276944327,0.0
3423,42.7875,2.8101044625417186,-0.13436833512955104,0.13436833512955104,0.6253105394082007,0.009632641336325973,0.0,0.0012784077447296443,0.0
3424,42.8,2.8084248583525993,1.207535243883271,1.207535243883271,0.6303134114520899,0.009721964534149091,0.0,0.011488736586086266,0.0
3425,42.8125,2.82351904890114,0.044347873847314645,0.044347873847314645,0.4688854450547765,0.006839767657996072,0.0,0.0004219347164943155,0.0
3426,42.825,2.8240733973242316,0.3347450472530511,0.3347450472530511,0.6429282141053342,0.009947194062909805,0.0,0.0031848326505317854,0.0
3427,42.8375,2.8282577104148947,0.5370831806476062,0.5370831806476062,0.6320250743929913,0.00975252522131745,0.0,0.005109918918336936,0.0
3428,42.85,2.83497125017299,-0.948244552944999,0.948244552944999,0.617880459454755,0.009499981836802323,0.0,0.009021792070384763,0.0
3429,42.8625,2.8231181932611773,-0.5374388327610546,0.5374388327610546,0.6003255408459767,0.009186549581508897,0.0,0.005113302665079229,0.0
3430,42.875,2.816400207851664,0.24783542158218097,0.24783542158218097,0.5726281922439808,0.008692030487946666,0.0,0.0023579567467552592,0.0
3431,42.8875,2.8194981506214414,-0.261359249265567,0.261359249265567,0.5755782815886554,0.008744702515497742,0.0,0.00248662520150809,0.0
3432,42.9,2.816231160005622,-0.19649396083082138,0.19649396083082138,0.588566007340904,0.008976590356414545,0.0,0.001869483618119789,0.0
3433,42.9125,2.8137749854952365,1.24498664939928,1.24498664939928,0.5866763037512647,0.008942850863162745,0.0,0.011845056896347718,0.0
3434,42.925,2.8293373186127275,0.029091167229609027,0.029091167229609027,0.3903898406218264,0.005438277005926772,0.0,0.0002767792981411905,0.0
3435,42.9375,2.8297009582030976,-0.38343563090950994,0.38343563090950994,0.3913790450371877,0.005455938641264566,0.0,0.0036480847938422526,0.0
3436,42.95,2.8249080128167288,-0.8532781930401256,0.8532781930401256,0.4657172161394103,0.006783200882817034,0.0,0.00811826275394187,0.0
3437,42.9625,2.814242035403727,0.1701141717915533,0.1701141717915533,0.5128717251434369,0.007625115586824585,0.0,0.0016185009250647665,0.0
3438,42.975,2.8163684625511216,-0.2975246034571555,0.2975246034571555,0.5188472051988818,0.007731804101421425,0.0,0.0028307097571799375,0.0
3439,42.9875,2.812649405007907,0.43504637828853276,0.43504637828853276,0.7127139134602302,0.011193174726420056,0.0,0.0041391199703740885,0.0
3440,43.0,2.818087484736514,0.14437104879874596,0.14437104879874596,0.6960015327402237,0.010894785466000777,0.0,0.0013735756026232676,0.0
3441,43.0125,2.819892122846498,0.1253510885567266,0.1253510885567266,0.9225453548317181,0.014939585824427006,0.0,0.0011926158217760619,0.0
3442,43.025,2.8214590114534572,-0.083862565419075,0.083862565419075,0.9336958204594492,0.015138670517848712,0.0,0.0007978855510956136,0.0
3443,43.0375,2.820410729385719,-0.8103965888170706,0.8103965888170706,0.9370894800645585,0.01519926221909395,0.0,0.007710278425697196,0.0
3444,43.05,2.8102807720255054,1.0474935432075583,1.0474935432075583,0.8925438303929359,0.014403927091017319,0.0,0.009966067205489482,0.0
3445,43.0625,2.8233744413156,-0.27974802693318424,0.27974802693318424,1.0987031790890576,0.018084775236866177,0.0,0.002661579782613288,0.0
3446,43.075,2.819877590978935,1.4137151376565171,1.4137151376565171,1.5989624103276594,0.02701659557581462,0.0,0.013450374145658028,0.0
3447,43.0875,2.8375490301996416,-0.03035523608083679,0.03035523608083679,1.5416697832486377,0.025993671020181335,0.0,0.0002888059069975332,0.0
3448,43.1,2.837169589748631,-1.7187836934559186,1.7187836934559186,1.585689861536713,0.026779622395035632,0.0,0.016352858604004726,0.0
3449,43.1125,2.815684793580432,-0.4257892938734642,0.4257892938734642,1.4746945887949523,0.02479787018998909,0.0,0.004051046181274672,0.0
3450,43.125,2.810362427407014,0.2404649619225907,0.2404649619225907,1.5777840760307986,0.02663846946597872,0.0,0.00228783269035497,0.0
3451,43.1375,2.813368239431046,-0.06873860170951929,0.06873860170951929,1.5784073206931324,0.026649597115412375,0.0,0.0006539930758434295,0.0
3452,43.15,2.812509006909677,-2.0931689410090115,2.0931689410090115,1.5793067144921553,0.026665655237532275,0.0,0.019914836204776076,0.0
3453,43.1625,2.7863443951470646,3.2976530851162167,3.2976530851162167,1.426506890619403,0.0239375085299237,0.0,0.03137454400532366,0.0
3454,43.175,2.8275650587110173,-0.747736543153863,0.747736543153863,0.824991875937284,0.013197828566360741,0.0,0.007114117971794686,0.0
3455,43.1875,2.818218351921594,1.0498830275534843,1.0498830275534843,0.7986579427951245,0.012727652415765204,0.0,0.009988801246889912,0.0
3456,43.2,2.8313418897660125,0.48653029794280656,0.48653029794280656,0.7075155762818325,0.011100361619056169,0.0,0.004628948482066256,0.0
3457,43.2125,2.8374235184902976,-1.6427794147782748,1.6427794147782748,0.7104450495756203,0.011152665559721246,0.0,0.01562973839565795,0.0
3458,43.225,2.816888775805569,-0.27121952998065524,0.27121952998065524,0.4482629736177604,0.006471566137027696,0.0,0.0025804379232272634,0.0
3459,43.2375,2.813498531680811,-0.16566599754821,0.16566599754821,0.43813763085365587,0.006290784380706405,0.0,0.0015761800881122635,0.0
3460,43.25,2.8114277067114584,0.8408649713014782,0.8408649713014782,0.43898855357104377,0.006305977081529178,0.0,0.008000160830654414,0.0
3461,43.2625,2.821938518852727,0.20008338461639852,0.20008338461639852,1.8034257701867276,0.03066716288596172,0.0,0.0019036341280756828,0.0
3462,43.275,2.824439561160432,-0.46588974209083034,0.46588974209083034,2.9181589500293676,0.05057003696899947,0.0,0.004432570024066831,0.0
3463,43.2875,2.8186159393842964,-0.06359732917548655,0.06359732917548655,3.0016493095664964,0.05206070589593461,0.0,0.0006050779603965033,0.0
3464,43.3,2.817820972769603,-0.5195601534924066,0.5195601534924066,3.039739405867136,0.052740781096162724,0.0,0.004943201264175957,0.0
3465,43.3125,2.811326470850948,0.5180583036882069,0.5180583036882069,3.035375509590413,0.05266286641695733,0.0,0.004928912358837818,0.0
3466,43.325,2.8178021996470504,0.041942268301404795,0.041942268301404795,3.0647055679424717,0.05318653653711252,0.0,0.00039904729470933433,0.0
3467,43.3375,2.818326478000818,0.18280086300229925,0.18280086300229925,3.065356622256531,0.05319816071074282,0.0,0.0017392046926836319,0.0
3468,43.35,2.8206114887883467,-5.0183784599429515,5.0183784599429515,3.064689204503037,0.053186244377983756,0.0,0.04774587616189459,0.0
3469,43.3625,2.7578817580390598,6.492032852142913,6.492032852142913,2.5109900345154714,0.043300286859700596,0.0,0.061766524599838675,0.0
3470,43.375,2.839032168690846,-2.0423096267857233,2.0423096267857233,1.0263860748663274,0.01679359789916632,0.0,0.01943095031654205,0.0
3471,43.3875,2.8135032983560246,1.3583008665100493,1.3583008665100493,0.7418787784736942,0.011713895421298548,0.0,0.0129231514682773,0.0
3472,43.4,2.8304820591874003,-0.24052730035329262,0.24052730035329262,0.6143015063660531,0.009436081834576152,0.0,0.0022884257908985374,0.0
3473,43.4125,2.827475467932984,-1.3037293728649857,1.3037293728649857,0.6438813005059983,0.009964210833349304,0.0,0.012403947147928682,0.0
3474,43.425,2.8111788507721718,0.18354068035538518,0.18354068035538518,0.4498189873516001,0.006499347803507257,0.0,0.001746243465866008,0.0
3475,43.4375,2.813473109276614,-0.026186717975242857,0.026186717975242857,0.4709563884067664,0.006876743075533727,0.0,0.000249145775575208,0.0
3476,43.45,2.8131457753019236,0.6972306886015289,0.6972306886015289,0.4908588985395139,0.007232090131018677,0.0,0.006633594970957914,0.0
3477,43.4625,2.8218611589094427,-0.36560897588930885,0.36560897588930885,0.46114845132105187,0.006701628402030523,0.0,0.0034784783622490057,0.0
3478,43.475,2.8172910467108263,-0.3825631840919286,0.3825631840919286,0.45374066773911537,0.0065693669904822545,0.0,0.0036397841568850007,0.0
3479,43.4875,2.812509006909677,-0.6788512312383332,0.6788512312383332,0.5098172933183053,0.007570580588575587,0.0,0.006458729065129852,0.0
3480,43.5,2.804023366519198,0.5963117385703498,0.5963117385703498,0.48491635517698783,0.0071259896807799525,0.0,0.00567343149802768,0.0
3481,43.5125,2.8114772632513274,0.041739856213389714,0.041739856213389714,0.43668685717071404,0.006264881710491949,0.0,0.0003971215048221865,0.0
3482,43.525,2.811999011453995,0.4351891181294931,0.4351891181294931,0.5634502108396232,0.00852816328498678,0.0,0.0041404780263326535,0.0
3483,43.5375,2.8174388754306134,-0.3922066447072936,0.3922066447072936,0.550189230506809,0.008291396651899841,0.0,0.003731534007955133,0.0
3484,43.55,2.8125362923717723,0.5097588843471001,0.5097588843471001,0.5362744056672839,0.008042956028011989,0.0,0.004849949990567047,0.0
3485,43.5625,2.818908278426111,0.28187145738279185,0.28187145738279185,0.5058393485939368,0.007499556836533357,0.0,0.00268178253298268,0.0
3486,43.575,2.822431671643396,-0.7606702451595382,0.7606702451595382,0.5103929413728824,0.007580858429904407,0.0,0.007237171850494149,0.0
3487,43.5875,2.8129232935789017,-0.5125237416624273,0.5125237416624273,0.4368347336769749,0.0062675219543971,0.0,0.004876255406955356,0.0
3488,43.6,2.8065167468081214,8.495175890743667e-05,8.495175890743667e-05,0.40255487160753844,0.005655476138690594,0.0,8.082483600839675e-07,0.0
3489,43.6125,2.8065178087051077,1.0079623239751356,1.0079623239751356,0.4035857441222193,0.005673881732267933,0.0,0.00958995912335384,0.0
3490,43.625,2.819117337754797,-0.26691939364159367,0.26691939364159367,0.18997384413220758,0.0018599728749575098,0.0,0.002539525549088301,0.0
3491,43.6375,2.815780845334277,-0.18133516652195425,0.18133516652195425,1.0297950590830514,0.016854463211909677,0.0,0.001725259757442085,0.0
3492,43.65,2.8135141557527525,-0.07822907047842165,0.07822907047842165,1.8188476497985013,0.030942511044235996,0.0,0.0007442873312837598,0.0
3493,43.6625,2.8125362923717723,0.34127933225686746,0.34127933225686746,1.8895688647944284,0.03220519476309872,0.0,0.0032470011707199354,0.0
3494,43.675,2.816802284024983,-0.14563056484831804,0.14563056484831804,1.889978631640743,0.03221251089766175,0.0,0.001385558895196118,0.0
3495,43.6875,2.814981901964379,-0.18024235527278165,0.18024235527278165,1.922675403154417,0.032796291606916654,0.0,0.0017148625283395368,0.0
3496,43.7,2.8127288725234694,-0.08153669631884242,0.08153669631884242,1.9695974941364638,0.03363405663034616,0.0,0.0007757567581169859,0.0
3497,43.7125,2.811709663819484,-0.04070522471156579,0.04070522471156579,1.9818149184986873,0.03385219121456541,0.0,0.00038727780970162324,0.0
3498,43.725,2.8112008485105893,-2.875125802597509,2.875125802597509,1.9883740637736789,0.03396930071203182,0.0,0.02735453326536257,0.0
3499,43.7375,2.7752617759781204,4.2443743612389895,4.2443743612389895,1.7089144803849794,0.028979722039699996,0.0,0.04038184330935076,0.0
3500,43.75,2.8283164554936078,-1.4505962775533732,1.4505962775533732,0.8811312106628456,0.014200161797624289,0.0,0.013801268832513673,0.0
3501,43.7625,2.8101840020241906,-0.35897276873125605,0.35897276873125605,0.7202334484275654,0.011327431390098983,0.0,0.0034153401338985136,0.0
3502,43.775,2.80569684241505,1.009207651630284,1.009207651630284,0.726358106199139,0.011436783380901422,0.0,0.009601807424648431,0.0
3503,43.7875,2.8183119380604285,-1.222111275925144,1.222111275925144,0.6485524870948687,0.010047611991741116,0.0,0.01162741592770192,0.0
3504,43.8,2.803035547111364,0.6267829696546912,0.6267829696546912,0.5429599018974253,0.008162321443931439,0.0,0.005963341005145638,0.0
3505,43.8125,2.810870334232048,-0.45824151465136964,0.45824151465136964,0.5332831169626291,0.007989548411273459,0.0,0.004359803228358353,0.0
3506,43.825,2.8051423152989057,-0.020165589871190548,0.020165589871190548,0.5112466390233467,0.007596100675447483,0.0,0.00019185953478932416,0.0
3507,43.8375,2.804890245425516,0.9288389480531833,0.9288389480531833,0.5271709962050208,0.007880420261130687,0.0,0.008837163187687498,0.0
3508,43.85,2.8165007322761806,-0.20732013671910465,0.20732013671910465,0.5133152412853142,0.007633034294265252,0.0,0.0019724860635102347,0.0
3509,43.8625,2.8139092305671918,0.44692334281091206,0.44692334281091206,0.6159873945022314,0.009466182328487331,0.0,0.004252119833136767,0.0
3510,43.875,2.819495772352328,0.4033533497010211,0.4033533497010211,0.6004266442154071,0.00918835471987522,0.0,0.003837586032626412,0.0
3511,43.8875,2.824537689223591,-0.6978803501715447,0.6978803501715447,0.6059670401039566,0.00928727507474933,0.0,0.006639775983632966,0.0
3512,43.9,2.8158141848464466,-0.5563634722018307,0.5563634722018307,0.5537542989084713,0.008355048751593973,0.0,0.00529335554438281,0.0
3513,43.9125,2.8088596414439237,-0.16075829792676188,0.16075829792676188,0.5421647365625467,0.008148124256818448,0.0,0.0015294872329926633,0.0
3514,43.925,2.8068501627198392,0.36427423410373194,0.36427423410373194,0.5468244062131035,0.008231319787372833,0.0,0.0034657793566815805,0.0
3515,43.9375,2.811403590646136,0.8645276241905719,0.8645276241905719,0.5356899391448097,0.008032520738372366,0.0,0.008225292136219083,0.0
3516,43.95,2.822210185948518,-0.9851726270496997,0.9851726270496997,0.452038597013649,0.006538977566410242,0.0,0.009373133298866033,0.0
3517,43.9625,2.809895528110397,-0.21980435285566813,0.21980435285566813,0.3113058419686287,0.004026280937594157,0.0,0.002091263441978709,0.0
3518,43.975,2.807147973699701,-0.464935601544596,0.464935601544596,0.30215993608949493,0.0038629864233738036,0.0,0.0044234921363138086,0.0
3519,43.9875,2.8013362786803935,-0.05117755458847739,0.05117755458847739,0.25536532716726595,0.0030274975135742488,0.0,0.0004869136919732872,0.0
3520,44.0,2.8006965592480375,0.45599401015699925,0.45599401015699925,0.2554689241546322,0.00302934717395237,0.0,0.004338420012222293,0.0
3521,44.0125,2.806396484375,0.25775544149315266,0.25775544149315266,1.3452286433645726,0.02248633550479561,0.0,0.0024523378393678254,0.0
3522,44.025,2.8096184273936644,0.19044672482642966,0.19044672482642966,2.247493023450723,0.03859571008087106,0.0,0.001811948981445392,0.0
3523,44.0375,2.811999011453995,-0.2939548797032998,0.2939548797032998,2.3597316883600032,0.04059966228695235,0.0,0.002796746677343646,0.0
3524,44.05,2.8083245754577035,-0.3333835291639886,0.3333835291639886,2.5069853277743697,0.04322878528833901,0.0,0.0031718788897519947,0.0
3525,44.0625,2.8041572813431537,0.05855212553601774,0.05855212553601774,2.504933966769435,0.043192159501542364,0.0,0.0005570768640056272,0.0
3526,44.075,2.804889182912354,0.08632323161659627,0.08632323161659627,2.6649323844894295,0.04604883266687853,0.0,0.0008212968311495987,0.0
3527,44.0875,2.8059682233075613,0.0551589449636225,0.0551589449636225,2.665035893537381,0.04605068075715259,0.0,0.0005247934520035817,0.0
3528,44.1,2.8066577101196066,-3.763367692779589,3.763367692779589,2.664967739626291,0.04604946391106313,0.0,0.03580544776472914,0.0
3529,44.1125,2.7596156139598618,5.098932845985402,5.098932845985402,2.3301579677308455,0.04007164172697211,0.0,0.048512287019700645,0.0
3530,44.125,2.8233522745346793,-2.04282646343799,2.04282646343799,1.4901040374710541,0.02507299640156627,0.0,0.019435867605860108,0.0
3531,44.1375,2.7978169437417044,2.4123730665687404,2.4123730665687404,1.303493676898322,0.021741183393547928,0.0,0.0229518093567599,0.0
3532,44.15,2.8279716070738137,0.16998391427481607,0.16998391427481607,1.0259464704403123,0.01678574903300217,0.0,0.0016172616284846194,0.0
3533,44.1625,2.830096406002249,-2.573089940053954,2.573089940053954,1.0547640381288725,0.01730026894813181,0.0,0.024480902469167194,0.0
3534,44.175,2.7979327817515744,-0.10892795717026615,0.10892795717026615,0.5497177516424611,0.008282978687278696,0.0,0.0010363628002816687,0.0
3535,44.1875,2.796571182286946,-0.011680088172489889,0.011680088172489889,0.5505374106137615,0.008297613193178241,0.0,0.0001111267410170678,0.0
3536,44.2,2.79642518118479,0.8852125178185233,0.8852125178185233,0.5530597557328241,0.008342648111135697,0.0,0.008422092432861787,0.0
3537,44.2125,2.8074903376575215,0.5703571434923305,0.5703571434923305,0.45831728775743713,0.006651079721024129,0.0,0.005426494187037923,0.0
3538,44.225,2.8146198019511757,0.051242028975586607,0.051242028975586607,0.4341185588780397,0.006219026326933711,0.0,0.0004875271144417404,0.0
3539,44.2375,2.8152603273133705,-0.8045538939477481,0.8045538939477481,0.43614848875997725,0.006255269474234038,0.0,0.007654689835097838,0.0
3540,44.25,2.8052034036390237,-0.7131498148917359,0.7131498148917359,0.331666169187104,0.004389802035060696,0.0,0.006785052785175143,0.0
3541,44.2625,2.796289030952877,0.3716063540013792,0.3716063540013792,0.2717117823404457,0.003319353398820029,0.0,0.0035355386407673823,0.0
3542,44.275,2.800934110377894,-0.1381302717328481,0.1381302717328481,0.3678349838146207,0.0050355739348132604,0.0,0.001314199576817167,0.0
3543,44.2875,2.7992074819812336,0.14968516248206498,0.14968516248206498,0.45715167656532846,0.006630268451380578,0.0,0.001424135164015308,0.0
3544,44.3,2.8010785465122594,0.13053100961560204,0.13053100961560204,0.45693435636352253,0.006626388333079215,0.0,0.001241898647170675,0.0
3545,44.3125,2.8027101841324544,0.39056467629936975,0.39056467629936975,1.945256507236306,0.033199463306947376,0.0,0.003715911985644092,0.0
3546,44.325,2.8075922425861966,-0.1294542166778001,0.1294542166778001,2.937193696424359,0.05090989063761957,0.0,0.0012316538195494282,0.0
3547,44.3375,2.805974064877724,0.0743136363770347,0.0743136363770347,2.952321333217918,0.05117998527167239,0.0,0.0007070350926937261,0.0
3548,44.35,2.806902985332437,-0.4681681508978386,0.4681681508978386,2.959760434124544,0.051312805834756815,0.0,0.004454247270136236,0.0
3549,44.3625,2.801050883446214,-0.7936583292427812,0.7936583292427812,2.9580981549216685,0.051283126863803104,0.0,0.007551027210353675,0.0
3550,44.375,2.7911301543306792,0.7801029499480805,0.7801029499480805,2.9482742217850735,0.051107726590667396,0.0,0.007422058567135872,0.0
3551,44.3875,2.8008814412050302,0.14427908018188162,0.14427908018188162,2.935346748870456,0.050876914527041704,0.0,0.0013727005944454995,0.0
3552,44.4,2.8026849297073038,-5.349664412636557,5.349664412636557,2.9401460687272207,0.05096260342598243,0.0,0.05089779828130843,0.0
3553,44.4125,2.735814124549347,6.236762959847937,6.236762959847937,2.2616915644831224,0.038849216282570896,0.0,0.05933783478246794,0.0
3554,44.425,2.813773661547446,-0.8541158869174481,0.8541158869174481,0.5986784932185064,0.00915714256094911,0.0,0.008126232744337665,0.0
3555,44.4375,2.803097212960978,0.5978018896218273,0.5978018896218273,0.5704405832203984,0.0086529720767263,0.0,0.00568760909904647,0.0
3556,44.45,2.8105697365812508,-0.3748124216859239,0.3748124216859239,0.5860507011803416,0.008931681114724052,0.0,0.003566041822592904,0.0
3557,44.4625,2.8058845813101767,0.4070664381985267,0.4070664381985267,0.573036186478019,0.008699314973609696,0.0,0.003872913113872906,0.0
3558,44.475,2.8109729117876583,0.008820805718627867,0.008820805718627867,0.5547327654237154,0.008372518668341334,0.0,8.392294460281208e-05,0.0
3559,44.4875,2.811083171859141,-0.4963903783921708,0.4963903783921708,0.5551642163522801,0.008380221958832288,0.0,0.004722759298416487,0.0
3560,44.5,2.804878292129239,-0.6206673400831519,0.6206673400831519,0.527414635626948,0.007884770292890721,0.0,0.00590515565812459,0.0
3561,44.5125,2.7971199503781996,-0.9179051478433564,0.9179051478433564,0.48650971312249586,0.007154438105149209,0.0,0.008733136782551998,0.0
3562,44.525,2.7856461360301576,0.6822067972575141,0.6822067972575141,0.3624566788899511,0.004939547614226847,0.0,0.00649065460460116,0.0
3563,44.5375,2.7941737209958766,0.7083719518646703,0.7083719518646703,0.27617820179198344,0.003399098566142074,0.0,0.006739595221894561,0.0
3564,44.55,2.803028370394185,-0.14072926037066225,0.14072926037066225,0.13271165898640686,0.0008375918412850855,0.0,0.001338926884778842,0.0
3565,44.5625,2.8012692546395517,0.023808512734113663,0.023808512734113663,0.18304923486635288,0.0017363382431149395,0.0,0.0002265190458781787,0.0
3566,44.575,2.801566861048728,0.06251987908427736,0.06251987908427736,0.19746094818172216,0.0019936505045810636,0.0,0.000594826880483714,0.0
3567,44.5875,2.8023483595372816,0.07793929563476354,0.07793929563476354,0.31686154617532863,0.004125474613056622,0.0,0.0007415303543218648,0.0
3568,44.6,2.803322600732716,-0.2311535674786569,0.2311535674786569,0.3488747885447525,0.004697051330597546,0.0,0.002199242184564446,0.0
3569,44.6125,2.800433181139233,0.0038736691305629734,0.0038736691305629734,0.34227174315155967,0.004579158023569714,0.0,3.685487813968421e-05,0.0
3570,44.625,2.800481602003365,-0.15685201563677253,0.15685201563677253,0.3768183073843229,0.005195965642073834,0.0,0.0014923220666027707,0.0
3571,44.6375,2.7985209518079053,0.18026287603255753,0.18026287603255753,0.37387159657562014,0.005143353936200848,0.0,0.0017150577670332358,0.0
3572,44.65,2.8007742377583122,0.38335600733304886,0.38335600733304886,0.3696169105642031,0.005067389138992561,0.0,0.0036473272388966413,0.0
3573,44.6625,2.8055661878499754,0.21080150533606457,0.21080150533606457,0.35197569555741176,0.004752416114684153,0.0,0.002005608514554145,0.0
3574,44.675,2.808201206666676,-0.7036988293176805,0.7036988293176805,0.3455789924565995,0.004638206922148936,0.0,0.006695134180903151,0.0
3575,44.6875,2.799404971300205,-0.420206571705215,0.420206571705215,0.2431960012023783,0.002810221696603598,0.0,0.003997931023974536,0.0
3576,44.7,2.79415238915389,0.13008688012632774,0.13008688012632774,0.19254253315497488,0.001905835234760809,0.0,0.0012376731086298895,0.0
3577,44.7125,2.795778475155469,0.4458158030760728,0.4458158030760728,0.1869731534384141,0.0018063973914959472,0.0,0.004241582474217725,0.0
3578,44.725,2.80135117269392,-0.08310250524175444,0.08310250524175444,0.10072586172548356,0.0002665051392461308,0.0,0.0007906541835549624,0.0
3579,44.7375,2.800312391378398,0.08478339028201276,0.08478339028201276,0.09666862319485209,0.0001940656451499683,0.0,0.0008066464666430472,0.0
3580,44.75,2.801372183756923,-0.21242331760689126,0.21242331760689126,0.13111728611176351,0.0008091252959814668,0.0,0.0020210387672660165,0.0
3581,44.7625,2.798716892286837,-0.09349263481958303,0.09349263481958303,1.954467023071097,0.03336391139211655,0.0,0.0008895079954164697,0.0
3582,44.775,2.7975482343515923,0.1137878823563554,0.1137878823563554,2.7386521478591193,0.04736505361939866,0.0,0.0010826011196797094,0.0
3583,44.7875,2.7989705828810467,-0.0004684949405842076,0.0004684949405842076,2.7815809214033385,0.04813152042045903,0.0,4.457356413860828e-06,0.0
3584,44.8,2.7989647266942894,-0.0036415168217018845,0.0036415168217018845,2.8128166884951384,0.048689215795959515,0.0,3.4646133725914856e-05,0.0
3585,44.8125,2.798919207734018,0.01567300805383809,0.01567300805383809,2.8477942353671897,0.049313718343938086,0.0,0.00014911619512081135,0.0
3586,44.825,2.799115120334691,-0.02233862793083574,0.02233862793083574,2.8686732070489422,0.04968649951873356,0.0,0.00021253426207804336,0.0
3587,44.8375,2.7988358874855557,-0.26450630110286255,0.26450630110286255,2.886313081076544,0.050001448600684784,0.0,0.0025165668945266524,0.0
3588,44.85,2.79552955872177,-5.519702933881838,5.519702933881838,2.8926339617121637,0.05011430402982201,0.0,0.0525155794516471,0.0
3589,44.8625,2.726533272048247,5.426871549463215,5.426871549463215,2.161799895952033,0.03706571208921812,0.0,0.05163236272740681,0.0
3590,44.875,2.794369166416537,1.3815796628875887,1.3815796628875887,1.1036663788317722,0.01817339011019592,0.0,0.013144630684703833,0.0
3591,44.8875,2.811638912202632,1.1823546953351993,1.1823546953351993,1.010176317648143,0.016504182671680512,0.0,0.011249163711648559,0.0
3592,44.9,2.826418345894322,-1.2585577189606667,1.2585577189606667,0.9783932634785806,0.015936715822617614,0.0,0.011974174819962788,0.0
3593,44.9125,2.8106863744073136,-0.9772805830366238,0.9772805830366238,1.4397182348117905,0.02417338894030664,0.0,0.00929804678255,0.0
3594,44.925,2.798470367119356,-0.9014637427665662,0.9014637427665662,1.5917067479613924,0.026887050194842613,0.0,0.008576709901440903,0.0
3595,44.9375,2.7872020703347737,0.6018204541052086,0.6018204541052086,1.672268065962955,0.028325422889889696,0.0,0.005725842541124151,0.0
3596,44.95,2.794724826011089,0.9568181163652056,0.9568181163652056,1.713851276522797,0.029067865492932884,0.0,0.00910336270133554,0.0
3597,44.9625,2.806685052465654,1.3448198018235047,1.3448198018235047,1.6916783946628606,0.028671982349148934,0.0,0.012794889869397894,0.0
3598,44.975,2.8234952999884477,-0.5725173365870972,0.5725173365870972,1.626426546662215,0.027506950808035485,0.0,0.0054470467047110695,0.0
3599,44.9875,2.816338833281109,0.9446375536924378,0.9446375536924378,1.635879920316125,0.02767573496992814,0.0,0.008987474343851483,0.0
3600,45.0,2.8281468027022645,-3.241642989749174,3.241642989749174,1.6019786416431288,0.027070448527500846,0.0,0.030841652534790542,0.0
3601,45.0125,2.7876262653304,-2.1543007090075506,2.1543007090075506,1.119608629893808,0.01845802918008766,0.0,0.020496456313286008,0.0
3602,45.025,2.7606975064678054,1.7076995587608224,1.7076995587608224,0.8210653504060849,0.013127722872330607,0.0,0.016247401885915783,0.0
3603,45.0375,2.7820437509523157,1.2200957207424779,1.2200957207424779,0.5595999412031647,0.008459419092972155,0.0,0.011608239524623278,0.0
3604,45.05,2.7972949474615967,-0.5580480725233272,0.5580480725233272,0.3703171910095564,0.00507989221486642,0.0,0.005309383175414324,0.0
3605,45.0625,2.790319346555055,-0.27647868837277656,0.27647868837277656,0.533657819673998,0.007996238497311806,0.0,0.002630474628770764,0.0
3606,45.075,2.7868633629503954,0.7579541653293376,0.7579541653293376,0.623719332931493,0.00960423132510652,0.0,0.007211330513047461,0.0
3607,45.0875,2.796337790017012,-0.11916268100463867,0.11916268100463867,0.6463744287237821,0.010008724101536427,0.0,0.0011337380502050665,0.0
3608,45.1,2.794848256504454,0.07584589511218098,0.07584589511218098,0.6614945435986412,0.010278684436365494,0.0,0.0007216133148027673,0.0
3609,45.1125,2.7957963301933564,0.07752514991054227,0.07752514991054227,0.6619791596117304,0.010287336956682954,0.0,0.0007375900874369573,0.0
3610,45.125,2.796765394567238,0.16813107817668538,0.16813107817668538,0.6689356121039448,0.010411540129711966,0.0,0.0015996333679626654,0.0
3611,45.1375,2.7988670330444467,0.28371709478825835,0.28371709478825835,0.6707435646363097,0.010443820008207058,0.0,0.0026993423036744593,0.0
3612,45.15,2.8024134967293,1.2217464645264897,1.2217464645264897,0.6875279640587576,0.010743495118184091,0.0,0.01162394503765215,0.0
3613,45.1625,2.817685327535881,-0.9541077335975956,0.9541077335975956,0.5947781108582565,0.009087503637128153,0.0,0.00907757556690425,0.0
3614,45.175,2.805758980865911,-0.8970436351839339,0.8970436351839339,0.5077715961702595,0.007534055926453901,0.0,0.008534656096422578,0.0
3615,45.1875,2.794545935426112,-0.4152117259500798,0.4152117259500798,0.42667401184836734,0.006086108526677925,0.0,0.003950409042765657,0.0
3616,45.2,2.789355788851736,-0.10432455224535175,0.10432455224535175,0.40226394369715507,0.005650281800105984,0.0,0.0009925650669655335,0.0
3617,45.2125,2.788051731948669,0.28298005568178297,0.28298005568178297,0.46960772232097686,0.00685266347355281,0.0,0.0026923299632969568,0.0
3618,45.225,2.7915889826446914,0.21827659134686428,0.21827659134686428,0.5045124810407349,0.007475866433920622,0.0,0.002076728007398296,0.0
3619,45.2375,2.794317440036527,-0.5127158713840885,0.5127158713840885,0.5504889831602804,0.008296748550834919,0.0,0.004878083368311932,0.0
3620,45.25,2.787908491644226,0.7356594469791489,0.7356594469791489,0.5200630399269854,0.007753512081354925,0.0,0.006999214015675014,0.0
3621,45.2625,2.7971042347314654,-0.37800728707281905,0.37800728707281905,0.47562464851435143,0.006960091983405339,0.0,0.0035964384234738896,0.0
3622,45.275,2.792379143643055,0.4454627161726421,0.4454627161726421,0.46722716851872587,0.006810160152192279,0.0,0.004238223133406712,0.0
3623,45.2875,2.797947427595213,0.10259298934382599,0.10259298934382599,0.44259696822807965,0.006370403101905203,0.0,0.0009760906243696438,0.0
3624,45.3,2.799229839962011,0.6932565700509841,0.6932565700509841,0.442185015457806,0.006363047939016742,0.0,0.0065957843965499495,0.0
3625,45.3125,2.8078955470876483,-0.593371011436119,0.593371011436119,0.37174760430065196,0.0051054313628295205,0.0,0.005645452820313823,0.0
3626,45.325,2.800478409444697,-0.6600658200283505,0.6600658200283505,0.37944726009097796,0.005242903972821468,0.0,0.0062800008316095165,0.0
3627,45.3375,2.7922275866943425,-0.04792832259955304,0.04792832259955304,0.36921636747117825,0.005060237688861303,0.0,0.00045599983615257416,0.0
3628,45.35,2.791628482661848,0.43269012946922203,0.43269012946922203,0.4053146097176147,0.005704749562232865,0.0,0.004116702138552233,0.0
3629,45.3625,2.7970371092802133,-0.2820441009862762,0.2820441009862762,0.39783784435906805,0.005571256523566357,0.0,0.002683425099436745,0.0
3630,45.375,2.793511558017885,-0.13843347052358013,0.13843347052358013,0.3871665757281869,0.0053807275972660926,0.0,0.001317084271949326,0.0
3631,45.3875,2.79178113963634,-0.08723195715081289,0.08723195715081289,0.384946931478288,0.005341097216818358,0.0,0.0008299426312159315,0.0
3632,45.4,2.790690740171955,-0.14816956226461286,0.14816956226461286,0.3845025182484299,0.005333162492424534,0.0,0.0014097154344410998,0.0
3633,45.4125,2.7888386206436473,0.6311582149595552,0.6311582149595552,0.4372108405269365,0.00627423711046486,0.0,0.006004967981303654,0.0
3634,45.425,2.7967280983306417,0.6118912561184331,0.6118912561184331,0.4448713730147646,0.006411011197996538,0.0,0.005821658205409432,0.0
3635,45.4375,2.804376739032122,-0.4753638383834513,0.4753638383834513,0.39329985907229154,0.005490233592351426,0.0,0.0045227085084286675,0.0
3636,45.45,2.798434691052329,-0.3730695492397018,0.3730695492397018,0.35593401327429863,0.004823089438600984,0.0,0.003549459778682202,0.0
3637,45.4625,2.7937713216868327,-0.11195057193116753,0.11195057193116753,0.33110606577283624,0.0043798017337067655,0.0,0.0010651205735765813,0.0
3638,45.475,2.792371939537693,-0.07384637640996061,0.07384637640996061,0.33542037033275024,0.004456830983364486,0.0,0.0007025894860697125,0.0
3639,45.4875,2.7914488598325686,-0.06981250766902036,0.06981250766902036,0.34363431929426225,0.004603485981046129,0.0,0.0006642104361643252,0.0
3640,45.5,2.790576203486706,0.6069952878406681,0.6069952878406681,2.2903318681315934,0.039360571257486016,0.0,0.005775076964686231,0.0
3641,45.5125,2.7981636445847142,-0.6726205824542575,0.6726205824542575,4.135865997150151,0.07231144600492131,0.0,0.006399449401862662,0.0
3642,45.525,2.789755887304036,0.16912963743866527,0.16912963743866527,4.304764021308322,0.075327016159717,0.0,0.0016091338644364502,0.0
3643,45.5375,2.7918700077720193,-0.044774100959834584,0.044774100959834584,4.309173247562721,0.07540574017774374,0.0,0.00042598992817148546,0.0
3644,45.55,2.7913103315100214,0.05213950956857616,0.05213950956857616,4.360532221259282,0.0763227230082548,0.0,0.0004960659278438428,0.0
3645,45.5625,2.7919620753796286,0.188514495189267,0.188514495189267,4.369857279109878,0.07648921617054108,0.0,0.0017935653546008435,0.0
3646,45.575,2.7943185065694944,0.22377455577043293,0.22377455577043293,4.36946685100346,0.07648224531726334,0.0,0.0021290367622292727,0.0
3647,45.5875,2.797115688516625,-6.40508844220637,6.40508844220637,4.369657024235611,0.07648564074314812,0.0,0.06093931775146432,0.0
3648,45.6,2.717052082989045,9.75943559439223,9.75943559439223,3.737083677466417,0.06519143339676745,0.0,0.09285326067359508,0.0
3649,45.6125,2.839045027918948,-3.44343786209123,3.44343786209123,1.4414680687532242,0.024204631147170436,0.0,0.03276157010614459,0.0
3650,45.625,2.7960020546428077,0.5765858315440298,0.5765858315440298,2.378452902911445,0.040933918037688574,0.0,0.0054857551954973945,0.0
3651,45.6375,2.803209377537108,-1.8878935672219654,1.8878935672219654,3.291145046678504,0.05722947390921815,0.0,0.0179618044328291,0.0
3652,45.65,2.7796107079468335,0.8087086160363555,0.8087086160363555,3.255140371715477,0.05658663262204037,0.0,0.007694218708400867,0.0
3653,45.6625,2.789719565647288,-0.0907804644430854,0.0907804644430854,3.2909788378295453,0.05722650635262961,0.0,0.0008637038533096413,0.0
3654,45.675,2.7885848098417494,0.2517352404381512,0.2517352404381512,3.304039504757135,0.05745969651328941,0.0,0.0023950604187156824,0.0
3655,45.6875,2.7917315003472263,0.017122381845879886,0.017122381845879886,3.3251145905700255,0.05783597918506059,0.0,0.00016290583297684302,0.0
3656,45.7,2.7919455301203,0.3779806448534728,0.3779806448534728,3.3605484249868223,0.05846862846600894,0.0,0.003596184943965372,0.0
3657,45.7125,2.796670288180968,-6.363248262887851,6.363248262887851,3.360690768863412,0.05847116992822025,0.0,0.060541241752159115,0.0
3658,45.725,2.71712968489487,6.459816659658841,6.459816659658841,2.4965834872757675,0.0430430668353324,0.0,0.0614600131740803,0.0
3659,45.7375,2.7978773931406056,-1.295595265321019,1.295595265321019,1.0275309985777314,0.016814039806588486,0.0,0.012326557589811101,0.0
3660,45.75,2.781682452324093,1.5908590752831842,1.5908590752831842,0.9239850581526449,0.01496529084014869,0.0,0.0151357576965928,0.0
3661,45.7625,2.8015681907651326,0.8350591573987387,0.8350591573987387,0.7344275289512023,0.011580857952163211,0.0,0.007944923133092969,0.0
3662,45.775,2.812006430232617,-1.0867615022099386,1.0867615022099386,0.6843489025407046,0.010686734933558593,0.0,0.010339670576104801,0.0
3663,45.7875,2.7984219114549926,-1.376765261777777,1.376765261777777,0.5737049126057933,0.008711254666585379,0.0,0.013098825490652093,0.0
3664,45.8,2.7812123456827704,0.3879731766792105,0.3879731766792105,0.3215066602785984,0.0042084102632826,0.0,0.0036912559297237646,0.0
3665,45.8125,2.7860620103912606,0.020537167757055386,0.020537167757055386,0.29820895999073055,0.003792444179525011,0.0,0.00019539480257843445,0.0
3666,45.825,2.7863187249882237,0.5588899974117112,0.5588899974117112,0.32091970113587776,0.004197930469444305,0.0,0.00531739342051227,0.0
3667,45.8375,2.79330484995587,-0.2489870854719456,0.2489870854719456,0.2848276242906096,0.00355352867551179,0.0,0.0023689139118833456,0.0
3668,45.85,2.790192511387471,-0.12615806810128305,0.12615806810128305,0.2853035234675292,0.0035620255620903243,0.0,0.00120029358974576,0.0
3669,45.8625,2.788615535536205,0.35905542381904354,0.35905542381904354,0.2829129467099078,0.0035193432870373005,0.0,0.0034161265312611586,0.0
3670,45.875,2.793103728333943,-0.25977261865030243,0.25977261865030243,0.25923664801279866,0.0030966175619561885,0.0,0.0024715296742425052,0.0
3671,45.8875,2.789856570600814,-0.29885821534943346,0.29885821534943346,0.2600389813750825,0.0031109427297819187,0.0,0.0028433980127120753,0.0
3672,45.9,2.786120842908946,0.1871352333062859,0.1871352333062859,0.25516546492164777,0.003023929096323895,0.0,0.0017804427757468794,0.0
3673,45.9125,2.7884600333252747,-0.3360189597724883,0.3360189597724883,0.2664117333307316,0.00322472428937775,0.0,0.0031969529140550806,0.0
3674,45.925,2.7842597963281186,0.3707513952259589,0.3707513952259589,0.2385008333327494,0.0027263923672199153,0.0,0.003527404388609922,0.0
3675,45.9375,2.788894188768443,0.2533084449509104,0.2533084449509104,0.21267440664719106,0.0022652774317067957,0.0,0.002410028207303789,0.0
3676,45.95,2.7920605443303295,0.07105587556154092,0.07105587556154092,0.19417848259642032,0.0019350441040472696,0.0,0.0006760400918775847,0.0
3677,45.9625,2.7929487427748487,0.16196305575192582,0.16196305575192582,0.19714549111839522,0.0019880182130842883,0.0,0.0015409495446506018,0.0
3678,45.975,2.794973280971748,-0.26611063619078834,0.26611063619078834,0.22575006548619342,0.002498735263707598,0.0,0.002531830865755948,0.0
3679,45.9875,2.791646898019363,-0.2631147546500756,0.2631147546500756,0.2065689499472845,0.002156268264208226,0.0,0.0025033274377701275,0.0
3680,46.0,2.788357963586237,-0.28626207028775497,0.28626207028775497,0.2737881535408774,0.003356425727247242,0.0,0.002723555719622248,0.0
3681,46.0125,2.78477968770764,0.012970276775519096,0.012970276775519096,0.30487783519183254,0.003911512837212012,0.0,0.00012340185851915044,0.0
3682,46.025,2.784941816167334,0.21032984334265592,0.21032984334265592,2.893492995383157,0.05012964154672384,0.0,0.0020011210261537946,0.0
3683,46.0375,2.7875709392091172,0.06296195016957995,0.06296195016957995,4.522201126643882,0.07920922170157121,0.0,0.0005990328349493027,0.0
3684,46.05,2.788357963586237,0.11973900772403567,0.11973900772403567,4.543892847929042,0.07959651401975971,0.0,0.0011392213401547515,0.0
3685,46.0625,2.7898547011827874,-0.35072212735748565,0.35072212735748565,4.5963200567120195,0.08053256952954549,0.0,0.0033368418491572065,0.0
3686,46.075,2.785470674590819,0.0669027863118643,0.0669027863118643,4.633406063758459,0.08119471733480965,0.0,0.0006365267537371588,0.0
3687,46.0875,2.786306959419717,0.5723138558610685,0.5723138558610685,4.634121952238769,0.08120749908253078,0.0,0.005445110747583913,0.0
3688,46.1,2.7934608826179805,-0.475258144444588,0.475258144444588,4.632241028330693,0.08117391634508368,0.0,0.004521702914738134,0.0
3689,46.1125,2.787520155812423,-8.138487450847407,8.138487450847407,4.6302791260167915,0.08113888778809544,0.0,0.0774312294449213,0.0
3690,46.125,2.6857890626768306,9.832001279846487,9.832001279846487,3.6372670429404663,0.0634092688893442,0.0,0.09354366540471641,0.0
3691,46.1375,2.8086890786749117,1.255881234950671,1.255881234950671,1.0708057195318532,0.0175866832854971,0.0,0.011948710205225062,0.0
3692,46.15,2.824387594111795,-1.961607563237493,1.961607563237493,0.9943845157468598,0.01622222977885473,0.0,0.018663134424827307,0.0
3693,46.1625,2.7998674995713264,-1.6915541712111803,1.6915541712111803,0.712656813067871,0.011192155234096902,0.0,0.016093791375930498,0.0
3694,46.175,2.7787230724311867,0.23990021925193616,0.23990021925193616,0.388188649829129,0.005398976100587269,0.0,0.0022824596134075775,0.0
3695,46.1875,2.781721825171836,0.4337148374705535,0.4337148374705535,0.38663378320731767,0.005371214915086181,0.0,0.004126451419465222,0.0
3696,46.2,2.787143260640218,0.2837129289861551,0.2837129289861551,0.35964379326587487,0.004889325274568958,0.0,0.002699302669383637,0.0
3697,46.2125,2.7906896722525447,-0.7461849919913988,0.7461849919913988,0.35939371277811477,0.0048848602415471395,0.0,0.007099356197597468,0.0
3698,46.225,2.7813623598526522,0.05963174886694844,0.05963174886694844,0.2464353902787457,0.002868058992611966,0.0,0.0005673486205643575,0.0
3699,46.2375,2.782107756713489,0.5609305533674558,0.5609305533674558,0.2591356405986596,0.0030948141368124724,0.0,0.0053368076860448675,0.0
3700,46.25,2.7891193886305823,0.0231856979630507,0.0231856979630507,0.17378831139165762,0.0015709901605939478,0.0,0.0002205934591237455,0.0
3701,46.2625,2.7894092098551204,-0.06197637690931401,0.06197637690931401,0.20482944097339453,0.0021252104032781927,0.0,0.0005896558899443087,0.0
3702,46.275,2.788634505143754,-0.21889301241806436,0.21889301241806436,0.25864195275005586,0.0030859996444615105,0.0,0.002082592763188244,0.0
3703,46.2875,2.785898342488528,0.16423265808548138,0.16423265808548138,0.2788213832992257,0.003446290943357115,0.0,0.0015625430041355053,0.0
3704,46.3,2.7879512507145967,-0.2811662996734654,0.2811662996734654,0.2788154429851462,0.003446184882709352,0.0,0.0026750735187198358,0.0
3705,46.3125,2.7844366719686784,-0.0965635990029412,0.0965635990029412,0.28700674070289195,0.0035924354563901155,0.0,0.0009187257749774596,0.0
3706,46.325,2.7832296269811416,0.23435651184904316,0.23435651184904316,0.30198784951041097,0.0038599139235354365,0.0,0.0022297156505420674,0.0
3707,46.3375,2.7861590833792547,0.13802847997499867,0.13802847997499867,0.2915052574486944,0.003672753701124502,0.0,0.0013132311092726458,0.0
3708,46.35,2.787884439378942,-0.3075050540965307,0.3075050540965307,0.28739541033978955,0.003599374913278054,0.0,0.00292566580006733,0.0
3709,46.3625,2.7840406262027355,0.4509606966886537,0.4509606966886537,0.26610074875676365,0.0032191718514227546,0.0,0.0042905320413444735,0.0
3710,46.375,2.7896776349113437,-0.3669874430899611,0.3669874430899611,0.21470593704743837,0.0023015491552753837,0.0,0.0034915933803332183,0.0
3711,46.3875,2.785090291872719,0.16415195910710167,0.16415195910710167,0.17386015882627964,0.001572272952270314,0.0,0.001561775217596713,0.0
3712,46.4,2.787142191361558,-0.34078296871648206,0.34078296871648206,0.19271101971882182,0.001908843458545269,0.0,0.003242278666763789,0.0
3713,46.4125,2.782882404252602,0.2826921735680088,0.2826921735680088,0.17259965436891553,0.0015497674218441296,0.0,0.002689590994153198,0.0
3714,46.425,2.786416056422202,-0.07177886591822613,0.07177886591822613,0.15219332270665878,0.0011854249433795201,0.0,0.0006829187695843531,0.0
3715,46.4375,2.785518820598224,-0.004279649212257652,0.004279649212257652,0.17205795566359544,0.0015400957252283958,0.0,4.071745543621803e-05,0.0
3716,46.45,2.785465324983071,0.016347817321715752,0.016347817321715752,0.17448459862659732,0.001583421940156289,0.0,0.00015553646812217282,0.0
3717,46.4625,2.7856696726995924,-0.07535115973880124,0.07535115973880124,0.1843342175593623,0.0017592808173563013,0.0,0.0007169063015595758,0.0
3718,46.475,2.7847277832028574,0.08780379704290908,0.08780379704290908,0.1919297113547303,0.0018948936791077062,0.0,0.0008353832325755919,0.0
3719,46.4875,2.7858253306658938,0.2867530715274924,0.2867530715274924,0.2009124232347769,0.002055274465026371,0.0,0.002728227205556393,0.0
3720,46.5,2.7894097440599874,-0.23949501102283222,0.23949501102283222,0.18339582485463082,0.0017425263938041574,0.0,0.0022786043796740106,0.0
3721,46.5125,2.786416056422202,0.1639884120979218,0.1639884120979218,0.17275264534611004,0.001552498981476519,0.0,0.001560219197996103,0.0
3722,46.525,2.788465911573426,-0.23807827838265183,0.23807827838265183,1.771803163233679,0.03010256072309009,0.0,0.0022651252963939235,0.0
3723,46.5375,2.785489933093643,0.0821327937146421,0.0821327937146421,3.0434016985998062,0.05280616907638222,0.0,0.0007814281503141784,0.0
3724,46.55,2.786516593015076,-0.1689410547317749,0.1689410547317749,3.14829437400014,0.054678963166014054,0.0,0.0016073396501018133,0.0
3725,46.5625,2.7844048298309287,0.1689410547317749,0.1689410547317749,3.2646492115743597,0.0567564070988473,0.0,0.0016073396501018133,0.0
3726,46.575,2.786516593015076,-0.18957797459101755,0.18957797459101755,3.405476840435426,0.05927079764119236,0.0,0.0018036835145248133,0.0
3727,46.5875,2.784146868332688,0.1684432787105905,0.1684432787105905,3.412360243716986,0.05939369656557443,0.0,0.001602603707515271,0.0
3728,46.6,2.7862524093165706,-0.1644185011018351,0.1644185011018351,3.411842858544431,0.05938445897210543,0.0,0.0015643111524956189,0.0
3729,46.6125,2.7841971780527976,-4.990234060790009,4.990234060790009,3.413289985742639,0.05941029653658174,0.0,0.04747810460832734,0.0
3730,46.625,2.7218192522929225,7.002909457147091,7.002909457147091,2.922192848419038,0.0506420597392598,0.0,0.06662710881269533,0.0
3731,46.6375,2.809355620507261,-2.2808889333699156,2.2808889333699156,1.5566921232092374,0.02626188564416033,0.0,0.021700842497429703,0.0
3732,46.65,2.7808445088401372,2.4490727131204437,2.4490727131204437,1.3472037470257383,0.02252159976370524,0.0,0.02330097727891435,0.0
3733,46.6625,2.8114579177541428,-2.746496926786115,2.746496926786115,1.0477560334011733,0.017175145341702135,0.0,0.026130731907143694,0.0
3734,46.675,2.7771267061693163,0.6413884826808314,0.6413884826808314,0.3936600582233355,0.005496664726256544,0.0,0.006102300834858233,0.0
3735,46.6875,2.7851440622028267,-0.01127857020442491,0.01127857020442491,0.3509129221935756,0.004733440951100862,0.0,0.0001073066171796512,0.0
3736,46.7,2.7850030800752714,0.32565031316945436,0.32565031316945436,0.37704570413576943,0.005200025670960361,0.0,0.0030983034955972036,0.0
3737,46.7125,2.7890737089898896,-0.10833334718295617,0.10833334718295617,0.3761246972865031,0.005183581661145249,0.0,0.001030705559592203,0.0
3738,46.725,2.7877195421501026,0.3367127111985013,0.3367127111985013,0.3760307844040017,0.005181904904492626,0.0,0.003203553406612179,0.0
3739,46.7375,2.791928451040084,-0.5794781123367798,0.5794781123367798,0.3572175853314922,0.004846006826809018,0.0,0.0055132729448378135,0.0
3740,46.75,2.784684974635874,-0.5105245443444417,0.5105245443444417,0.3171015381310037,0.0041297595215541135,0.0,0.0048572346359374565,0.0
3741,46.7625,2.7783034178315686,-0.02548835303212371,0.02548835303212371,0.26076173741050807,0.0031238470934681784,0.0,0.0002425013890754392,0.0
3742,46.775,2.777984813418667,0.39591954472076196,0.39591954472076196,0.26914480023631265,0.0032735215149972264,0.0,0.003766859295926055,0.0
3743,46.7875,2.7829338077276766,-0.3902766691775028,0.3902766691775028,0.24037301612162626,0.002759819037369544,0.0,0.0037131718271478436,0.0
3744,46.8,2.778055349362958,0.31701533981870256,0.31701533981870256,0.1975361169373978,0.00199499259639841,0.0,0.003016148598042717,0.0
3745,46.8125,2.7820180411106916,-0.1056930338142692,0.1056930338142692,0.17000469108374983,0.0015034359512745986,0.0,0.0010055850797128605,0.0
3746,46.825,2.7806968781880133,0.05493149813386111,0.05493149813386111,0.1721942670307755,0.001542529480701122,0.0,0.0005226294764776452,0.0
3747,46.8375,2.7813835219146865,0.3455238637160818,0.3455238637160818,0.18694349155926807,0.0018058677969199667,0.0,0.003287384508691464,0.0
3748,46.85,2.7857025702111375,0.013479468701937947,0.013479468701937947,0.15113276519417096,0.0011664893424567554,0.0,0.00012824641435635754,0.0
3749,46.8625,2.7858710635699118,0.19023031965350157,0.19023031965350157,0.27391738517388464,0.0033587330784284925,0.0,0.0018098900584945041,0.0
3750,46.875,2.7882489425655805,-0.1986816372320277,0.1986816372320277,0.2752640734312838,0.003382777367502138,0.0,0.0018902976175755979,0.0
3751,46.8875,2.78576542210018,-0.047397504435018334,0.047397504435018334,0.3256045834211028,0.004281576156055922,0.0,0.00045094952387528,0.0
3752,46.9,2.7851729532947425,-0.139811822270417,0.139811822270417,0.4787090220749122,0.007015161572891819,0.0,0.0013301981915823924,0.0
3753,46.9125,2.7834253055163622,0.13101596184871056,0.13101596184871056,0.4843021340477507,0.007115023140969885,0.0,0.0012465125816220628,0.0
3754,46.925,2.785063005039471,0.21305749691588716,0.21305749691588716,1.084761139989961,0.01783584871914175,0.0,0.0020270724785521315,0.0
3755,46.9375,2.7877262237509197,0.15010892654409247,0.15010892654409247,1.273148708739462,0.021199392684129157,0.0,0.001428166941727756,0.0
3756,46.95,2.789602585332721,-0.64629611290691,0.64629611290691,1.2742790704204612,0.021219574595470844,0.0,0.006148993029736135,0.0
3757,46.9625,2.7815238839213845,0.205193041517866,0.205193041517866,1.2762656089839317,0.02125504301751551,0.0,0.0019522484459464017,0.0
3758,46.975,2.784088796940358,-0.5305267853331941,0.5305267853331941,1.2768244916096232,0.0212650215224416,0.0,0.005047540036144399,0.0
3759,46.9875,2.777457212123693,0.993679217854222,0.993679217854222,1.2629795360273015,0.02101782837109116,0.0,0.009454066738692183,0.0
3760,47.0,2.7898782023468707,0.25027420854907945,0.25027420854907945,1.2136706481352904,0.020137448559459592,0.0,0.0023811598633468488,0.0
3761,47.0125,2.793006629953734,-2.7485324397889244,2.7485324397889244,1.2105288381029968,0.020081353477159815,0.0,0.02615009819299356,0.0
3762,47.025,2.7586499744563726,1.8971032462291504,1.8971032462291504,0.7285555684630541,0.011476017715656851,0.0,0.01804942719720962,0.0
3763,47.0375,2.782363765034237,-0.21346851712049641,0.21346851712049641,0.3005110363363393,0.003833546334251094,0.0,0.002030983008606003,0.0
3764,47.05,2.779695408570231,0.676928879917611,0.676928879917611,0.2945259204468841,0.0037266857777751208,0.0,0.006440439422602592,0.0
3765,47.0625,2.788157019569201,-0.2313421835284757,0.2313421835284757,0.17764196932754747,0.0016397948486072192,0.0,0.002201036716130504,0.0
3766,47.075,2.785265242275095,0.012283254963350032,0.012283254963350032,0.23547725396878658,0.002672408220655337,0.0,0.00011686539288066263,0.0
3767,47.0875,2.785418782962137,0.10213450820639736,0.10213450820639736,0.23993172210740413,0.002751940004648995,0.0,0.0009717285413213116,0.0
3768,47.1,2.786695464314717,-0.041305996365110786,0.041305996365110786,0.27397565831289994,0.0033597735094206055,0.0,0.00039299367374031555,0.0
3769,47.1125,2.786179139360153,0.27881133450474493,0.27881133450474493,0.2761077463203851,0.003397840627107837,0.0,0.002652667899811496,0.0
3770,47.125,2.7896642810414622,-0.2740621459167869,0.2740621459167869,0.27662378824542616,0.003407054237720119,0.0,0.0026074831509927104,0.0
3771,47.1375,2.7862385042175024,-0.13068238841853486,0.13068238841853486,0.26065001345187566,0.0031218523310255343,0.0,0.0012433388959753552,0.0
3772,47.15,2.7846049743622707,0.12931326335063886,0.12931326335063886,0.2584285735756405,0.0030821898907759412,0.0,0.0012303127608475053,0.0
3773,47.1625,2.7862213901541537,-0.4946333478856957,0.4946333478856957,0.26026801802286104,0.0031150320380070318,0.0,0.004706042551833012,0.0
3774,47.175,2.7800384733055825,-0.13073802601557105,0.13073802601557105,0.21056308958721545,0.002227581166489324,0.0,0.001243868243420798,0.0
3775,47.1875,2.778404247980388,0.3878078111166161,0.3878078111166161,0.20678444569137028,0.002160115807941135,0.0,0.0036896826080350764,0.0
3776,47.2,2.7832518456193456,-0.10530334836460042,0.10530334836460042,0.17045611537143784,0.0015114958537861109,0.0,0.0010018775328686973,0.0
3777,47.2125,2.781935553764788,0.2828738613045445,0.2828738613045445,0.2274698238914746,0.002529440490404438,0.0,0.0026913196083336575,0.0
3778,47.225,2.785471477031095,-0.08032268756842598,0.08032268756842598,0.20474392609419426,0.0021236835878000802,0.0,0.000764206431269477,0.0
3779,47.2375,2.7844674434364896,-0.08861755845085639,0.08861755845085639,0.21455346847553747,0.0022988269228676316,0.0,0.0008431255245767462,0.0
3780,47.25,2.783359723955854,-0.15606033640889194,0.15606033640889194,0.21359441435584572,0.0022817036024819068,0.0,0.001484789868966413,0.0
3781,47.2625,2.7814089697507427,0.2396688064148833,0.2396688064148833,0.2117813717611793,0.002249332844060664,0.0,0.0022802579044794062,0.0
3782,47.275,2.7844048298309287,-0.06690567773691924,0.06690567773691924,0.1949285079205023,0.0019484353440805127,0.0,0.0006365542633448352,0.0
3783,47.2875,2.7835685088592172,-0.20188794085861161,0.20188794085861161,0.22117307332540814,0.0024170158887913337,0.0,0.0019208030442018013,0.0
3784,47.3,2.7810449095984846,0.43884697023720776,0.43884697023720776,0.2095826425331873,0.002210075888442283,0.0,0.004175279577301261,0.0
3785,47.3125,2.7865304967264497,0.03792172648118708,0.03792172648118708,0.162134209671589,0.0013629133550590285,0.0,0.00036079503984571534,0.0
3786,47.325,2.7870045183074645,-0.19838512705735667,0.19838512705735667,0.16816672359400198,0.0014706201742091557,0.0,0.0018874765593007812,0.0
3787,47.3375,2.7845247042192476,-0.06758798516642628,0.06758798516642628,0.159778714464236,0.0013208574394705432,0.0,0.0006430458753851822,0.0
3788,47.35,2.7836798544046673,-0.13485189375124662,0.13485189375124662,0.28230711306827105,0.003508526500650386,0.0,0.0012830084200778236,0.0
3789,47.3625,2.7819942057327767,-0.05106199143067869,0.05106199143067869,0.2855726083385132,0.0035668299066650517,0.0,0.00048581420052098306,0.0
3790,47.375,2.781355930839893,0.30305050903468356,0.30305050903468356,0.3018887105607574,0.003858143858673854,0.0,0.0028832843498482587,0.0
3791,47.3875,2.7851440622028267,-0.02859346358924597,0.02859346358924597,0.2887499488812164,0.003623559364336061,0.0,0.00027204404420054436,0.0
3792,47.4,2.784786643907961,-0.2269088064475966,0.2269088064475966,0.34517648448482646,0.0046310203903182886,0.0,0.0021588566623995543,0.0
3793,47.4125,2.781950283827366,-0.13182722468215502,0.13182722468215502,0.4286096190613953,0.006120667600841801,0.0,0.0012542311016758149,0.0
3794,47.425,2.7803024435188393,0.13172009721216682,0.13172009721216682,0.42668345080066766,0.006086277053355435,0.0,0.0012532118690777912,0.0
3795,47.4375,2.7819489447339913,0.6617497137767714,0.6617497137767714,0.4508762489410781,0.0065182245577554655,0.0,0.006296021740160684,0.0
3796,47.45,2.790220816156201,-0.1817148909772115,0.1817148909772115,0.394241595617565,0.00550704771811614,0.0,0.0017288725333538806,0.0
3797,47.4625,2.787949380018986,0.2815811755339226,0.2815811755339226,0.4109452595060161,0.005805281344878875,0.0,0.002679020732269803,0.0
3798,47.475,2.79146914471316,0.17250369951142375,0.17250369951142375,0.41925063843956034,0.005953568768376559,0.0,0.00164123537913375,0.0
3799,47.4875,2.7936254409570527,-0.5357049242439516,0.5357049242439516,0.46544427150235984,0.006778327624497387,0.0,0.00509680590581835,0.0
3800,47.5,2.7869291294040033,-0.7536330720773066,0.7536330720773066,0.4528727933034174,0.00655387162717386,0.0,0.007170218750564362,0.0
3801,47.5125,2.777508716003037,0.06479899882783968,0.06479899882783968,0.37037742022836295,0.005080967570457967,0.0,0.0006165108905484895,0.0
3802,47.525,2.778318703488385,0.4326605845066922,0.4326605845066922,0.37145007659942997,0.005100119189045949,0.0,0.0041164210417530545,0.0
3803,47.5375,2.7837269607947186,-0.23454004888481705,0.23454004888481705,0.3496093584783145,0.004710166624155896,0.0,0.0022314618593326416,0.0
3804,47.55,2.7807952101836584,-0.3749891549977491,0.3749891549977491,0.3874299363276073,0.005385429738499062,0.0,0.0035677232993662172,0.0
3805,47.5625,2.7761078457461865,0.3666724568155644,0.3666724568155644,0.3642003189667332,0.00497067923345364,0.0,0.0034885965366774265,0.0
3806,47.575,2.780691251456381,0.5972400712311554,0.5972400712311554,0.3619691686730714,0.004930843419683969,0.0,0.005682263844295238,0.0
3807,47.5875,2.7881567523467705,-0.44116090282326326,0.44116090282326326,0.3178028396086759,0.004142280827330916,0.0,0.004197294803849567,0.0
3808,47.6,2.7826422410614797,0.1569972589993185,0.1569972589993185,0.28708567773064597,0.0035938448283835992,0.0,0.0014937039415762925,0.0
3809,47.6125,2.784604706798971,0.10278481490342273,0.10278481490342273,0.2829329732601326,0.003519700848752202,0.0,0.000977915691866306,0.0
3810,47.625,2.785889516985264,-0.24740156512205402,0.24740156512205402,0.2809258717115458,0.003483865287278171,0.0,0.002353828947908957,0.0
3811,47.6375,2.7827969974212383,0.5272675324239628,0.5272675324239628,0.26918752434514814,0.0032742843276360165,0.0,0.005016530839244128,0.0
3812,47.65,2.789387841576538,0.030597394450779802,0.030597394450779802,0.1943835942083278,0.0019387062454983206,0.0,0.00029110985111716357,0.0
3813,47.6625,2.7897703090071726,-0.34855006019565593,0.34855006019565593,0.19850365353776195,0.0020122673662500584,0.0,0.003316176359188317,0.0
3814,47.675,2.785413433254727,-0.34133770525961893,0.34133770525961893,0.1599238409921861,0.0013234485842073553,0.0,0.003247556543373237,0.0
3815,47.6875,2.7811467119389817,0.21442778303580212,0.21442778303580212,0.11056086820952603,0.0004421031201776656,0.0,0.002040109660165685,0.0
3816,47.7,2.783827059226929,-0.07557239794618198,0.07557239794618198,0.1367434577136662,0.000909577123366778,0.0,0.0007190112069859394,0.0
3817,47.7125,2.782882404252602,0.03887084366610338,0.03887084366610338,0.13523605976941097,0.0008826634618556199,0.0,0.0003698251343146477,0.0
3818,47.725,2.783368289798428,0.09771467317790439,0.09771467317790439,0.13496619093776852,0.0008778451201463739,0.0,0.0009296773294386534,0.0
3819,47.7375,2.784589723213152,-0.02440324205263522,0.02440324205263522,0.13566603926512458,0.0008903404808196415,0.0,0.00023217742190912897,0.0
3820,47.75,2.784284682687494,0.11783866390583597,0.11783866390583597,0.1551422452468891,0.0012380761383561703,0.0,0.0011211410814949022,0.0
3821,47.7625,2.785757665986317,-0.10422389390743803,0.10422389390743803,0.15032888330825794,0.0011521365266957495,0.0,0.0009916073830094404,0.0
3822,47.775,2.784454867312474,0.09846824018080014,0.09846824018080014,0.1457756454018244,0.001070841269354747,0.0,0.0009368469195935497,0.0
3823,47.7875,2.785685720314734,-0.3126976420179872,0.3126976420179872,0.1419382646797376,0.0010023272009647211,0.0,0.0029750691405759353,0.0
3824,47.8,2.781776999789509,-0.04930858350295608,0.04930858350295608,0.14411934367842766,0.0010412690226141081,0.0,0.00046913191989058213,0.0
3825,47.8125,2.7811606424957223,-0.030456348462521987,0.030456348462521987,0.14306247423206586,0.001022399269839621,0.0,0.00028976791081866996,0.0
3826,47.825,2.7807799381399407,-0.10518255303686885,0.10518255303686885,0.14376196174843012,0.0010348881884549436,0.0,0.0010007282614845554,0.0
3827,47.8375,2.77946515622698,0.21425744940504643,0.21425744940504643,0.14379230246064897,0.0010354299031771759,0.0,0.002038489071263277,0.0
3828,47.85,2.782143374344543,0.04607825824407996,0.04607825824407996,0.12585062382338488,0.0007150922858773983,0.0,0.00043839794655555934,0.0
3829,47.8625,2.782719352572594,0.008760430703667055,0.008760430703667055,0.1331038558430666,0.0008445942745085804,0.0,8.334852439704222e-05,0.0
3830,47.875,2.78282885795639,0.029384550840845236,0.029384550840845236,0.133855845260715,0.0008580205822222754,0.0,0.00027957060965382854,0.0
3831,47.8875,2.7831961648419004,0.32057936499352735,0.32057936499352735,0.1487873081992038,0.001124612652965373,0.0,0.003050057460435888,0.0
3832,47.9,2.7872034069043194,-0.0017963562748235518,0.0017963562748235518,0.11406848500108731,0.0005047294567722647,0.0,1.709089996399805e-05,0.0
3833,47.9125,2.787180952450884,-0.05032524277659434,0.05032524277659434,0.11406671691803888,0.0005046978887388398,0.0,0.0004788046235667663,0.0
3834,47.925,2.7865518869161767,0.10551382029277079,0.10551382029277079,0.14577839451463082,0.0010708903530700395,0.0,0.00100388000571888,0.0
3835,47.9375,2.7878708096698364,-0.08487332198022557,0.08487332198022557,0.2758445722270956,0.0033931418158269183,0.0,0.0008075020951613368,0.0
3836,47.95,2.7868098931450835,-0.13095518802728634,0.13095518802728634,0.28501111279522157,0.003556804749705161,0.0,0.001245934367090264,0.0
3837,47.9625,2.7851729532947425,0.04102136159932712,0.04102136159932712,0.2866457848036303,0.003585990811211842,0.0,0.0003902856005276326,0.0
3838,47.975,2.785685720314734,-0.18607970871041601,0.18607970871041601,0.2893815467506481,0.0036348361551356207,0.0,0.001770400299468434,0.0
3839,47.9875,2.783359723955854,-0.17251892294435578,0.17251892294435578,0.31742482451954585,0.004135531600828565,0.0,0.0016413802179794715,0.0
3840,48.0,2.7812032374190494,0.0,0.0,0.35403167832303944,0.004789124420170279,0.0,0.0,0.0
3841,48.0125,2.7812032374190494,-0.26163643716223817,0.26163643716223817,0.3705104635507959,0.00508334297700534,0.0,0.002489262423689254,0.0
3842,48.025,2.7779327819545214,0.6707043074499097,0.6707043074499097,0.36402853127046964,0.0049676120699838735,0.0,0.006381217570648648,0.0
3843,48.0375,2.7863165857976453,-0.21984615507424365,0.21984615507424365,0.28388666961876813,0.0035367285096154534,0.0,0.0020916611568117635,0.0
3844,48.05,2.7835685088592172,0.1569236550129105,0.1569236550129105,0.28917736983322284,0.0036311907020786377,0.0,0.0014930036582381369,0.0
3845,48.0625,2.7855300545468786,0.11953970612449183,0.11953970612449183,0.30284820609717045,0.0038752750602831587,0.0,0.0011373251440893004,0.0
3846,48.075,2.787024300873435,0.41323162386909473,0.41323162386909473,0.3311261237378562,0.004380159856313478,0.0,0.003931569947727038,0.0
3847,48.0875,2.7921896961717985,-0.47581725384183926,0.47581725384183926,0.30147430516492846,0.0038507449056672887,0.0,0.004527022395573466,0.0
3848,48.1,2.7862419804987755,-0.3090575913243043,0.3090575913243043,0.28588871536288224,0.0035724738028157597,0.0,0.002940436955891009,0.0
3849,48.1125,2.7823787606072217,-0.17425202747006097,0.17425202747006097,0.27874295690721895,0.0034448906884502707,0.0,0.0016578693279022173,0.0
3850,48.125,2.780200610263846,-0.18558885984418794,0.18558885984418794,0.2736410907992949,0.0033538000126090216,0.0,0.0017657302632469334,0.0
3851,48.1375,2.7778807495157936,0.2694208829922573,0.2694208829922573,0.27486829421065917,0.0033757109733773246,0.0,0.0025633252289471295,0.0
3852,48.15,2.7812485105531968,0.29895302507839006,0.29895302507839006,0.25811696946008444,0.003076626391287621,0.0,0.0028443000518097315,0.0
3853,48.1625,2.7849854233666766,0.3971265949585856,0.3971265949585856,0.24693672880865067,0.0028770100831635925,0.0,0.0037783434180655735,0.0
3854,48.175,2.789949505803659,-0.14386921070762781,0.14386921070762781,0.250031090584083,0.002932258006072363,0.0,0.0013688010126749197,0.0
3855,48.1875,2.7881511406698136,-0.39136538711399993,0.39136538711399993,0.24487093621849432,0.0028401266293048327,0.0,0.00372353011163877,0.0
3856,48.2,2.7832590733308886,-0.25147330352048414,0.25147330352048414,0.2066001355958782,0.0021568250647488233,0.0,0.0023925682974591874,0.0
3857,48.2125,2.7801156570368826,0.08842088817136329,0.08842088817136329,0.1898767913455432,0.0018582400572507095,0.0,0.0008412543634269134,0.0
3858,48.225,2.7812209181390246,-0.19957025230695535,0.19957025230695535,0.18730709255652075,0.0018123596686930926,0.0,0.0018987520826307446,0.0
3859,48.2375,2.7787262899851877,-0.03408721578793461,0.03408721578793461,0.17439815624184732,0.0015818785646380688,0.0,0.0003243127230649331,0.0
3860,48.25,2.7783001997878385,-0.21023780843414386,0.21023780843414386,0.17489822467322688,0.0015908069783630956,0.0,0.00200024538726377,0.0
3861,48.2625,2.7756722271824117,0.4123250152670721,0.4123250152670721,0.17314813899896933,0.0015595602769648352,0.0,0.003922944288585345,0.0
3862,48.275,2.78082628987325,-0.016376292513378132,0.016376292513378132,0.19118268252170995,0.0018815559395760797,0.0,0.0001558073869031397,0.0
3863,48.2875,2.780621586216833,0.12223580171372816,0.12223580171372816,0.21590941482462186,0.0023230365094639425,0.0,0.0011629763473916858,0.0
3864,48.3,2.7821495337382545,-0.10097257692589068,0.10097257692589068,0.2443583877811245,0.0028309753927624084,0.0,0.0009606736901436796,0.0
3865,48.3125,2.780887376526681,-0.00801634002506546,0.00801634002506546,0.2855158815681672,0.0035658170851327335,0.0,7.626909392416877e-05,0.0
3866,48.325,2.7807871722763675,0.04974379795001482,0.04974379795001482,0.28550458856218836,0.0035656154554691687,0.0,0.00047327263890151346,0.0
3867,48.3375,2.7814089697507427,0.0505896731210953,0.0505896731210953,0.29244875478694726,0.00368959926476295,0.0,0.00048132046779469125,0.0
3868,48.35,2.7820413406647564,-0.1983104849847095,0.1983104849847095,0.32066716461713435,0.004193421585502564,0.0,0.0018867663993984288,0.0
3869,48.3625,2.7795624596024475,0.47177986251440984,0.47177986251440984,0.3422734427033584,0.0045791883680199015,0.0,0.004488609831061792,0.0
3870,48.375,2.7854597078838776,0.2842475003692968,0.2842475003692968,0.3257210834892335,0.004283656192990857,0.0,0.002704388690548224,0.0
3871,48.3875,2.789012801638494,-0.3459693069814662,0.3459693069814662,0.3372012102287634,0.004488626782442975,0.0,0.0032916225467661043,0.0
3872,48.4,2.7846881853012255,-0.4297229769052535,0.4297229769052535,0.3200451939659049,0.004182316682752193,0.0,0.0040884720439104075,0.0
3873,48.4125,2.77931664808991,0.0035599728554558396,0.0035599728554558396,0.2821557982625079,0.00350582486802613,0.0,3.387030780022777e-05,0.0
3874,48.425,2.779361147750603,0.1859614963519718,0.1859614963519718,0.288128754356699,0.0036124683188499223,0.0,0.0017692756029808864,0.0
3875,48.4375,2.7816856664550027,0.3754578076478765,0.3754578076478765,0.2875360353771811,0.0036018856866745375,0.0,0.003572182156260837,0.0
3876,48.45,2.786378889050601,-0.3923219104080289,0.3923219104080289,0.25510280111305145,0.003022810272631725,0.0,0.0037326306693402696,0.0
3877,48.4625,2.781474865170501,-0.3662255532718106,0.3662255532718106,0.2157725967637927,0.002320593707288311,0.0,0.0034843446052165573,0.0
3878,48.475,2.776897045754603,0.37640416717795944,0.37640416717795944,0.17598378897373226,0.0016101890600779768,0.0,0.003581186013839263,0.0
3879,48.4875,2.7816020978443277,0.17172338623694827,0.17172338623694827,0.12834634070707568,0.0007596517730992833,0.0,0.001633811319496165,0.0
3880,48.5,2.7837486401722895,-0.04610404949836777,0.04610404949836777,0.11309348982944449,0.0004873215187260356,0.0,0.0004386433298089578,0.0
3881,48.5125,2.78317233955356,-0.16511496043257523,0.16511496043257523,0.11584857503894963,0.0005365118675954943,0.0,0.0015709374086105656,0.0
3882,48.525,2.7811084025481527,-0.17847133817994631,0.17847133817994631,0.1171396036844191,0.0005595623885928157,0.0,0.0016980127105208792,0.0
3883,48.5375,2.7788775108209034,0.013126510813243897,0.013126510813243897,0.12449488714284464,0.0006908864427837559,0.0,0.00012488830101786266,0.0
3884,48.55,2.779041592206069,0.07589121433952073,0.07589121433952073,0.15812701876954063,0.0012913674305343617,0.0,0.0007220444911744952,0.0
3885,48.5625,2.779990232385313,0.09706183394172285,0.09706183394172285,0.1671947212939212,0.0014532656720406085,0.0,0.0009234660837996181,0.0
3886,48.575,2.7812035053095845,0.1603122284783609,0.1603122284783609,0.16500432107693602,0.0014141574257818322,0.0,0.0015252432372850938,0.0
3887,48.5875,2.783207408165564,-0.005268351917955272,0.005268351917955272,0.23718579077716254,0.002702913092653623,0.0,5.01241746232969e-05,0.0
3888,48.6,2.7831415537665896,0.08468543295141018,0.08468543295141018,0.2445404028691302,0.0028342251600101203,0.0,0.0008057144806213803,0.0
3889,48.6125,2.784200121678482,0.17224780248511706,0.17224780248511706,0.25432924066764,0.0030089988275083137,0.0,0.0016388007226354883,0.0
3890,48.625,2.786353219209546,-0.2146400240837565,0.2146400240837565,0.2598073616786884,0.0031068073028153198,0.0,0.0020421289647823034,0.0
3891,48.6375,2.783670218908499,0.2760683292375177,0.2760683292375177,0.2800569503855151,0.0034683512323879263,0.0,0.0026265703882655165,0.0
3892,48.65,2.787121073023968,-0.1713442223210393,0.1713442223210393,0.26564099171637134,0.0032109631727459346,0.0,0.0016302038766700503,0.0
3893,48.6625,2.784979270244955,-0.05999840641383258,0.05999840641383258,0.3222321986109071,0.004221364303165395,0.0,0.0005708370752449065,0.0
3894,48.675,2.7842292901647823,-0.5078832519190968,0.5078832519190968,0.3367405094946047,0.0044804012546954125,0.0,0.004832104841113393,0.0
3895,48.6875,2.7778807495157936,0.16843702040347353,0.16843702040347353,0.36872439984814126,0.0050514539100779176,0.0,0.0016025441647049836,0.0
3896,48.7,2.779986212270837,0.21503128781557024,0.21503128781557024,0.49537065970960203,0.00731264484678813,0.0,0.002045851527724683,0.0
3897,48.7125,2.7826741033685316,0.22847609426776216,0.22847609426776216,0.6049855871526298,0.009269751837025804,0.0,0.0021737681583676206,0.0
3898,48.725,2.7855300545468786,-0.36541289270225263,0.36541289270225263,0.6172447931817874,0.009488632407164375,0.0,0.0034766127868163543,0.0
3899,48.7375,2.7809623933881005,0.11523736622542913,0.11523736622542913,0.6522361164864464,0.010113380924858811,0.0,0.001096391804831073,0.0
3900,48.75,2.7824028604659183,0.543605067356161,0.543605067356161,0.7616357103167001,0.012066643266118247,0.0,0.0051719694786153455,0.0
3901,48.7625,2.7891979238078703,0.28299197175314816,0.28299197175314816,0.8337091876978652,0.013353470796672684,0.0,0.002692443335230198,0.0
3902,48.775,2.7927353234547847,-0.6621582107392499,0.6621582107392499,0.8304915102966366,0.01329602114924627,0.0,0.006299908263574311,0.0
3903,48.7875,2.784458345820544,-0.9507083093696167,0.9507083093696167,0.8351107250950737,0.01337849438334232,0.0,0.009045232751489593,0.0
3904,48.8,2.772574491953424,1.005565619952229,1.005565619952229,0.7694646559245033,0.012206424266139309,0.0,0.009567156392474168,0.0
3905,48.8125,2.7851440622028267,0.4148131121755583,0.4148131121755583,0.6853149393057248,0.010703982924774298,0.0,0.00394661655001792,0.0
3906,48.825,2.790329226105021,0.6992089227601284,0.6992089227601284,0.6703303522371653,0.010436442355421231,0.0,0.006652416294201996,0.0
3907,48.8375,2.799069337639523,-1.1183450626783298,1.1183450626783298,0.626956967715906,0.00966203729931295,0.0,0.010640163011841236,0.0
3908,48.85,2.7850900243560437,-1.1024349888464968,1.1024349888464968,0.490650176954514,0.0072283635357223465,0.0,0.010488791324559219,0.0
3909,48.8625,2.7713095869954625,0.19299110927804008,0.19299110927804008,0.30249121868747875,0.003868901270040971,0.0,0.0018361567740430476,0.0
3910,48.875,2.773721975861438,0.7071093918211346,0.7071093918211346,0.30155229738401595,0.0038521374086841757,0.0,0.006727582968142321,0.0
3911,48.8875,2.782560843259202,-0.24733329312891073,0.24733329312891073,0.18327280678967114,0.0017403299820519056,0.0,0.0023531793942421775,0.0
3912,48.9,2.779469177095091,0.17834766771301247,0.17834766771301247,0.22372785886172497,0.0024626300104106957,0.0,0.0016968360844759845,0.0
3913,48.9125,2.7816985229415034,-0.0977734053365964,0.0977734053365964,0.23064401531370296,0.0025861137224697,0.0,0.0009302361191748228,0.0
3914,48.925,2.780476355374796,0.19685320308379772,0.19685320308379772,0.31373933713937124,0.004069729494469271,0.0,0.0018729015221817563,0.0
3915,48.9375,2.7829370204133435,0.17887463051192043,0.17887463051192043,0.3111858479847388,0.004024138518946118,0.0,0.0017018497160184072,0.0
3916,48.95,2.7851729532947425,0.14652520101776645,0.14652520101776645,0.33131586917267447,0.004383547644140474,0.0,0.0013940706461725322,0.0
3917,48.9625,2.7870045183074645,-0.18085456493189156,0.18085456493189156,0.32747351477875036,0.004314944773904321,0.0,0.001720687215895945,0.0
3918,48.975,2.784743836245816,-0.20308806269582647,0.20308806269582647,0.32481149983605295,0.004267416137303453,0.0,0.0019322212481248863,0.0
3919,48.9875,2.782205235462118,0.43919884206164994,0.43919884206164994,0.3222531527952292,0.004221738427215542,0.0,0.004178627357602962,0.0
3920,49.0,2.7876952209878887,0.2386376884150465,0.2386376884150465,0.2845536245950615,0.003548636579772741,0.0,0.0022704476375333244,0.0
3921,49.0125,2.7906781920930768,-0.6094631389510852,0.6094631389510852,0.27350090888856493,0.0033512971509660483,0.0,0.005798556603466863,0.0
3922,49.025,2.783059902856188,-0.1611994606162881,0.1611994606162881,0.18942757728415627,0.0018502196169679719,0.0,0.0015336845447955691,0.0
3923,49.0375,2.7810449095984846,0.3680553204045367,0.3680553204045367,0.36087443143779746,0.004911297560870701,0.0,0.003501753382896756,0.0
3924,49.05,2.7856456011035413,0.03491727739280748,0.03491727739280748,0.36997260527256565,0.005073739848849015,0.0,0.0003322100984640484,0.0
3925,49.0625,2.7860820670709514,-0.13717592358094777,0.13717592358094777,0.4153765910607374,0.005884400039422676,0.0,0.0013051197138614975,0.0
3926,49.075,2.7843673680261896,-0.16733628923606858,0.16733628923606858,0.4130763175232801,0.005843330072725337,0.0,0.0015920715838851122,0.0
3927,49.0875,2.7822756644107387,0.09942328267598555,0.09942328267598555,0.5224615734483353,0.007796336419521759,0.0,0.0009459333886728443,0.0
3928,49.1,2.7835184554441885,0.08719977909116494,0.08719977909116494,0.5230739644040477,0.007807270282711205,0.0,0.0008296364825937532,0.0
3929,49.1125,2.784608452682828,0.24512404354346984,0.24512404354346984,0.5365639087733097,0.008048124927592689,0.0,0.002332160143111728,0.0
3930,49.125,2.7876725032271215,-0.8836094453668153,0.8836094453668153,0.565817319350462,0.008570426548953465,0.0,0.008406840474610981,0.0
3931,49.1375,2.7766273851600363,-0.4343497507435856,0.4343497507435856,0.5103800802976554,0.0075806288033305825,0.0,0.004132492113834868,0.0
3932,49.15,2.7711980132757414,0.5352411477577945,0.5352411477577945,0.48675348219902265,0.007158790451812233,0.0,0.0050923934417422346,0.0
3933,49.1625,2.777888527622714,-0.05976527076089866,0.05976527076089866,0.4592997710368678,0.0066686213546211116,0.0,0.000568618975095076,0.0
3934,49.175,2.7771414617382026,0.9201488177177808,0.9201488177177808,0.4643984180234139,0.006759654555033619,0.0,0.008754483515331824,0.0
3935,49.1875,2.788643321959675,0.12250388237163179,0.12250388237163179,0.3948151963537321,0.005517289005836205,0.0,0.0011655269214458019,0.0
3936,49.2,2.7901746204893203,-0.3492269307475482,0.3492269307475482,0.3925483211715949,0.005476815346194703,0.0,0.0033226162436661905,0.0
3937,49.2125,2.785809283854976,-0.5639796823945886,0.5639796823945886,0.37373226126210835,0.0051408661900295746,0.0,0.005365817721476268,0.0
3938,49.225,2.7787595378250436,0.5508850622798178,0.5508850622798178,0.3244574714023361,0.0042610951777541225,0.0,0.005241232835067759,0.0
3939,49.2375,2.7856456011035413,-0.013737340240389528,0.013737340240389528,0.261200308290826,0.0031316775063107275,0.0,0.00013069985676586574,0.0
3940,49.25,2.7854738843505364,-0.2805382401496104,0.2805382401496104,0.2623513977615742,0.003152229499566948,0.0,0.002669098032317676,0.0
3941,49.2625,2.7819671563486663,-0.2030979455685511,0.2030979455685511,0.24679622265542064,0.0028745014323705623,0.0,0.0019323152757915918,0.0
3942,49.275,2.7794284320290594,0.6069423659796058,0.6069423659796058,0.2366328540115036,0.002693040747394872,0.0,0.005774573455306716,0.0
3943,49.2875,2.7870152116038045,0.026988194799493215,0.026988194799493215,0.10016005630844356,0.0002564030321459927,0.0,0.0002567711895416391,0.0
3944,49.3,2.787352564038798,-0.08131665504041763,0.08131665504041763,0.21065149520488163,0.002229159594321616,0.0,0.0007736632405168218,0.0
3945,49.3125,2.786336105850793,-0.2069972542802745,0.2069972542802745,0.29546512264229324,0.003743454654284547,0.0,0.001969414094135607,0.0
3946,49.325,2.7837486401722895,-0.08424935763812869,0.08424935763812869,0.29759515951250565,0.0037814851501795825,0.0,0.0008015655711536328,0.0
3947,49.3375,2.782695523201813,0.07078102405809972,0.07078102405809972,0.2964717789458513,0.0037614278823331106,0.0,0.0006734250986181159,0.0
3948,49.35,2.783580286002539,-0.12386549585134077,0.12386549585134077,0.31094844117067455,0.004019899766559253,0.0,0.0011784815897916585,0.0
3949,49.3625,2.7820319673043974,-0.044075300785486604,0.044075300785486604,0.3097321611596869,0.003998183836374219,0.0,0.0004193414007930405,0.0
3950,49.375,2.781481026044579,0.025970557898702396,0.025970557898702396,0.30935574591526277,0.0039914631741133485,0.0,0.00024708918452133916,0.0
3951,49.3875,2.7818056580183126,0.524847108287041,0.524847108287041,0.3120140705916876,0.004038925923283678,0.0,0.004993502430362019,0.0
3952,49.4,2.7883662468719006,-0.5916224205646259,0.5916224205646259,0.2710943323232491,0.0033083292092049247,0.0,0.005628816370138824,0.0
3953,49.4125,2.7809709666148428,-0.23011689511541533,0.23011689511541533,0.17622221912029193,0.0016144460834360214,0.0,0.002189379072272123,0.0
3954,49.425,2.7780945054259,0.04194100893862185,0.04194100893862185,0.15632598567558925,0.0012592110943487299,0.0,0.0003990353128749714,0.0
3955,49.4375,2.778618768037633,0.27451282703719215,0.27451282703719215,0.15919533523683524,0.0013104415628145201,0.0,0.002611771023088275,0.0
3956,49.45,2.7820501783755978,-0.09645356283684237,0.09645356283684237,0.138369847633136,0.0009386153132784652,0.0,0.0009176788684514132,0.0
3957,49.4625,2.7808445088401372,0.00885206938733063,0.00885206938733063,0.18122151625543823,0.0017037054534662145,0.0,8.422039352304868e-05,0.0
3958,49.475,2.780955159707479,0.11785114173743949,0.11785114173743949,0.19751490167561161,0.0019946138109710044,0.0,0.001121259798129621,0.0
3959,49.4875,2.782428298979197,0.2908252761401897,0.2908252761401897,0.1939531693984436,0.0019310212757241633,0.0,0.002766970990764245,0.0
3960,49.5,2.7860636149309492,0.10253856087288682,0.10253856087288682,0.1829682124733463,0.0017348916382097692,0.0,0.0009755727807964884,0.0
3961,49.5125,2.7873453469418603,0.004704434469076091,0.004704434469076091,0.18861982467422345,0.0018357976918145398,0.0,4.475894900417869e-05,0.0
3962,49.525,2.7874041523727238,-0.09487768937205487,0.09487768937205487,0.1886571421010953,0.0018364639714781974,0.0,0.000902685686909379,0.0
3963,49.5375,2.786218181255573,-0.16056703270205475,0.16056703270205475,0.19039117156683927,0.0018674239991664835,0.0,0.0015276674966364207,0.0
3964,49.55,2.7842110933467974,-0.3447658271104359,0.3447658271104359,0.1843036100575066,0.0017587343392694854,0.0,0.003280172393824431,0.0
3965,49.5625,2.779901520507917,0.2223635459613149,0.2223635459613149,0.14106244980326008,0.0009866900659787111,0.0,0.0021156121271310793,0.0
3966,49.575,2.7826810648324334,-0.05229202515696585,0.05229202515696585,0.14333388943543568,0.0010272452210632616,0.0,0.0004975169922572062,0.0
3967,49.5875,2.7820274145179713,0.22683831265890575,0.22683831265890575,0.14631462104088966,0.0010804643473003189,0.0,0.0021581859701168015,0.0
3968,49.6,2.7848628934262076,-0.16527168039754514,0.16527168039754514,0.15334934689254104,0.0012060650429339345,0.0,0.0015724284743201923,0.0
3969,49.6125,2.7827969974212383,0.011608778946055054,0.011608778946055054,0.2249243749553944,0.0024839930680295537,0.0,0.000110448290493311,0.0
3970,49.625,2.782942107158064,0.11941534030142975,0.11941534030142975,0.4684217281724158,0.006831488278780763,0.0,0.0011361419022843846,0.0
3971,49.6375,2.784434798911832,-0.08679833954534644,0.08679833954534644,0.5153910439230117,0.007670096471355166,0.0,0.0008258171048815836,0.0
3972,49.65,2.783349819667515,0.07943442614688934,0.07943442614688934,0.5163187347547552,0.00768665981955907,0.0,0.0007557553309448197,0.0
3973,49.6625,2.784342749994351,-0.23369522781184315,0.23369522781184315,0.5345302667041122,0.008011815501476099,0.0,0.0022234240593438323,0.0
3974,49.675,2.781421559646703,-0.09819048656673601,0.09819048656673601,0.5343921681853925,0.008009349837513786,0.0,0.0009342043150617315,0.0
3975,49.6875,2.780194178564619,0.2613810455755683,0.2613810455755683,0.5393562304080953,0.0080979801098923,0.0,0.0024868325760467815,0.0
3976,49.7,2.7834614416343135,0.49387685347166865,0.49387685347166865,0.5338028004820257,0.00799882704030919,0.0,0.00469884510969157,0.0
3977,49.7125,2.7896349023027094,-1.162221274778723,1.162221274778723,0.5044677759601313,0.0074750682522514884,0.0,0.01105761024228033,0.0
3978,49.725,2.7751071363679753,0.6196225668545807,0.6196225668545807,0.31405725339890944,0.004075405693399164,0.0,0.005895215472547357,0.0
3979,49.7375,2.7828524184536576,0.12325101772166391,0.12325101772166391,0.3021432384189265,0.0038626882967540766,0.0,0.0011726353195436235,0.0
3980,49.75,2.7843930561751784,0.39926230647211014,0.39926230647211014,0.3293755292314601,0.0043489040700309,0.0,0.0037986630129817835,0.0
3981,49.7625,2.78938383500608,-0.2311547677703274,0.2311547677703274,0.3174148661195008,0.004135353799731631,0.0,0.0021992536043841976,0.0
3982,49.775,2.7864944004089507,-0.22865389248682533,0.22865389248682533,0.3118791545643846,0.004036517080744718,0.0,0.0021754597668855826,0.0
3983,49.7875,2.7836362267528654,0.14367443462759866,0.14367443462759866,0.3106827765038867,0.004015156487623089,0.0,0.0013669478733251074,0.0
3984,49.8,2.7854321571857104,-0.01589980605981367,0.01589980605981367,0.3082872345220913,0.003972385561551762,0.0,0.0001512739976049225,0.0
3985,49.8125,2.7852334096099627,0.3223539405540521,0.3223539405540521,0.328477868265545,0.004332876886578455,0.0,0.003066941134241889,0.0
3986,49.825,2.7892628338668883,-0.5702637549712719,0.5702637549712719,0.3093113289868259,0.003990670137223607,0.0,0.005425605669602063,0.0
3987,49.8375,2.7821345369297474,-0.3908611457324085,0.3908611457324085,0.23583885829252582,0.002678864443053131,0.0,0.00371873265629471,0.0
3988,49.85,2.7772487726080923,0.312285211283978,0.312285211283978,0.1915084945844575,0.0018873731132072755,0.0,0.0029711451904576762,0.0
3989,49.8625,2.781152337749142,0.15988685126686164,0.15988685126686164,0.1576802757886338,0.0012833911098710396,0.0,0.001521196111739571,0.0
3990,49.875,2.783150923389978,-0.21523021875268,0.21523021875268,0.15389345977408653,0.0012157798431786777,0.0,0.0020477441972321397,0.0
3991,49.8875,2.7804605456555693,0.0937026893449655,0.0937026893449655,0.14244296747174887,0.0010113383583433646,0.0,0.0008915064970113995,0.0
3992,49.9,2.7816318292723814,0.32110174649279344,0.32110174649279344,0.16416382156210377,0.001399150824818432,0.0,0.003055027504559166,0.0
3993,49.9125,2.7856456011035413,-0.07822000629815307,0.07822000629815307,0.11858552771151523,0.0005853784711902635,0.0,0.0007442010928240527,0.0
3994,49.925,2.7846678510248144,-0.0690832900413696,0.0690832900413696,0.16661077946990274,0.0014428397505686203,0.0,0.0006572725109315439,0.0
3995,49.9375,2.7838043098992973,-0.03488160806952578,0.03488160806952578,0.17859005017962595,0.0016567222480608902,0.0,0.00033187073324761834,0.0
3996,49.95,2.783368289798428,-0.05497799727958608,0.05497799727958608,0.1844541946816192,0.0017614229349502723,0.0,0.0005230718788335336,0.0
3997,49.9625,2.7826810648324334,0.126983565533898,0.126983565533898,0.18379479848626107,0.0017496498221692394,0.0,0.0012081475406791546,0.0
3998,49.975,2.784268359401607,-0.1384863286815019,0.1384863286815019,0.17942671867406096,0.0016716604485155814,0.0,0.0013175871752441697,0.0
3999,49.9875,2.7825372802930883,0.24911500278427923,0.24911500278427923,0.2900414549019987,0.0036466184085754572,0.0,0.0023701309432815143,0.0
4000,50.0,2.785651217827892,-0.0029100142055682454,0.0029100142055682454,0.37755686615029693,0.00520915215377718,0.0,2.768646864668612e-05,0.0
4001,50.0125,2.785614842650322,-0.34013433376959057,0.34013433376959057,0.3848091376553829,0.005338636993012076,0.0,0.0032361074215905205,0.0
4002,50.025,2.7813631634782023,-0.19456241791178996,0.19456241791178996,0.38546513662091675,0.005350349450347801,0.0,0.0018511065248515968,0.0
4003,50.0375,2.778931133254305,0.13508618686373097,0.13508618686373097,0.417130748945734,0.005915719447634589,0.0,0.0012852375325338797,0.0
4004,50.05,2.7806197105901016,-0.03286341894202849,0.03286341894202849,0.4306956919165851,0.006157913146337043,0.0,0.00031266927028066163,0.0
4005,50.0625,2.7802089178533262,0.05858482144706301,0.05858482144706301,0.4350176200683281,0.006235078510529594,0.0,0.0005573879395716151,0.0
4006,50.075,2.7809412281214145,-0.6592565879321199,0.6592565879321199,0.4346556147059452,0.006228615127833918,0.0,0.006272301632403786,0.0
4007,50.0875,2.772700520772263,0.7276396206479774,0.7276396206479774,0.37272709533023834,0.005122919571649208,0.0,0.006922911752323523,0.0
4008,50.1,2.7817960160303628,0.2103319998227704,0.2103319998227704,0.2713912830244574,0.0033136310810087705,0.0,0.002001141543345416,0.0
4009,50.1125,2.7844251660281474,-0.34602566093528964,0.34602566093528964,0.2616107472569336,0.0031390056411585345,0.0,0.003292158709776121,0.0
4010,50.125,2.7800998452664563,0.491092716083692,0.491092716083692,0.2335067224849548,0.0026372255951548546,0.0,0.00467235625875992,0.0
4011,50.1375,2.7862385042175024,-0.33204520240051494,0.33204520240051494,0.15656138578248496,0.001263414018215534,0.0,0.0031591457759737067,0.0
4012,50.15,2.782087939187496,0.17610340763258847,0.17610340763258847,0.18143812916328916,0.0017075729434698102,0.0,0.0016754837363559055,0.0
4013,50.1625,2.7842892317829033,0.030225325604718023,0.030225325604718023,0.2158980201426432,0.002322833064438049,0.0,0.0002875699122326087,0.0
4014,50.175,2.7846670483529623,-0.186062146379129,0.186062146379129,0.21652486389972722,0.0023340249734908887,0.0,0.001770233207866747,0.0
4015,50.1875,2.782341271523223,0.08533079633689766,0.08533079633689766,0.22791806913300466,0.0025374436330055697,0.0,0.0008118545994922191,0.0
4016,50.2,2.7834079064774344,-0.05035063831577702,0.05035063831577702,0.24319358839872776,0.002810178617481067,0.0,0.00047904624190594884,0.0
4017,50.2125,2.782778523498487,-0.09173553808846435,0.09173553808846435,0.24260455102972994,0.0027996617181930937,0.0,0.0008727906187582302,0.0
4018,50.225,2.7816318292723814,0.03256808821820556,0.03256808821820556,0.2433853645330733,0.0028136026621969064,0.0,0.0003098594335417616,0.0
4019,50.2375,2.782038930375109,-0.4213319760074441,0.4213319760074441,0.24851166098143052,0.0029051295267138303,0.0,0.004008638350031188,0.0
4020,50.25,2.776772280675016,0.374899577590746,0.374899577590746,0.19942230181274032,0.002028669265174494,0.0,0.0035668710416467543,0.0
4021,50.2625,2.7814585253949002,0.05551633084209584,0.05551633084209584,0.15090580607263426,0.001162437127182622,0.0,0.0005281936941399214,0.0
4022,50.275,2.7821524795304264,-0.27409516361910136,0.27409516361910136,0.15198354971525369,0.0011816795758696492,0.0,0.0026077972881464622,0.0
4023,50.2875,2.7787262899851877,0.25466280924185014,0.25466280924185014,0.12874821975982761,0.0007668270759683172,0.0,0.002422913905389229,0.0
4024,50.3,2.781909575100711,0.015683134747312977,0.015683134747312977,0.20146421550136645,0.002065126375959421,0.0,0.0001492125425478619,0.0
4025,50.3125,2.782105614285052,0.10701004091608013,0.10701004091608013,0.2269214383222102,0.0025196494039530907,0.0,0.0010181153538819621,0.0
4026,50.325,2.783443239796503,0.14571739830579133,0.14571739830579133,0.22378289413372673,0.0024636126312822942,0.0,0.0013863850464201283,0.0
4027,50.3375,2.7852647072753256,-0.04012860000891294,0.04012860000891294,0.23665266227928156,0.0026933944118111793,0.0,0.00038179168467846885,0.0
4028,50.35,2.784763099775214,0.0676472914966908,0.0676472914966908,0.2764181396128174,0.0034033825080953322,0.0,0.0006436101279067942,0.0
4029,50.3625,2.785608690918923,0.07545567978031187,0.07545567978031187,0.3006756573630773,0.003836485541252225,0.0,0.0007179007265512811,0.0
4030,50.375,2.7865518869161767,0.1514760587604158,0.1514760587604158,0.29958115615821346,0.003816943896616499,0.0,0.001441174116459303,0.0
4031,50.3875,2.788445337650682,-0.5068993536206179,0.5068993536206179,0.29985639684345544,0.003821858149461896,0.0,0.0048227438320364475,0.0
4032,50.4,2.782109095730424,-0.2957871414659863,0.2957871414659863,0.2570312930707279,0.0030572423082953657,0.0,0.0028141791894420658,0.0
4033,50.4125,2.7784117564620994,-0.011606254780502923,0.011606254780502923,0.2382607398702011,0.0027221056463797464,0.0,0.00011042427506744662,0.0
4034,50.425,2.778266678277343,0.2619907460675819,0.2619907460675819,0.25066370810876193,0.002943553002188102,0.0,0.0024926333908756927,0.0
4035,50.4375,2.781541562603188,-0.40599303846715173,0.40599303846715173,0.23455597334787343,0.0026559593228161556,0.0,0.0038627005699096465,0.0
4036,50.45,2.7764666496223485,0.34141918551320316,0.34141918551320316,0.23121081260570855,0.0025962335388862046,0.0,0.0032483317631236655,0.0
4037,50.4625,2.7807343894412635,-0.020921404496228035,0.020921404496228035,0.19923282357903793,0.0020252862480587865,0.0,0.00019905050927967755,0.0
4038,50.475,2.7804728718850606,-0.155771991065059,0.155771991065059,0.20913725613736395,0.002202123788769766,0.0,0.0014820464925574,0.0
4039,50.4875,2.7785257219967474,0.25720958344969347,0.25720958344969347,0.27363188149748696,0.0033536355861995544,0.0,0.002447144434615073,0.0
4040,50.5,2.7817408417898686,0.1145198210953069,0.1145198210953069,0.2733910450055636,0.0033493355990277113,0.0,0.001089564934120374,0.0
4041,50.5125,2.78317233955356,0.22056205554161323,0.22056205554161323,0.2735806054082631,0.0033527200832202345,0.0,0.002098472379865606,0.0
4042,50.525,2.78592936524783,0.07818459942800615,0.07818459942800615,0.2654749437093554,0.0032079984878911755,0.0,0.000743864224640274,0.0
4043,50.5375,2.78690667274068,-0.3903406578167079,0.3903406578167079,0.26436566933556527,0.00318819307742676,0.0,0.0037137806281116693,0.0
4044,50.55,2.7820274145179713,0.08030744199867712,0.08030744199867712,0.229316050561168,0.0025624037300389134,0.0,0.0007640613818095654,0.0
4045,50.5625,2.7830312575429548,0.18109416465808437,0.18109416465808437,0.228415705864786,0.002546328630232562,0.0,0.0017229668165571028,0.0
4046,50.575,2.785294934601181,-0.5228317420909789,0.5228317420909789,0.23305785035109494,0.002629211259777434,0.0,0.004974327825340472,0.0
4047,50.5875,2.7787595378250436,0.2551525527158205,0.2551525527158205,0.14484038531319102,0.0010541427767328728,0.0,0.002427573424683346,0.0
4048,50.6,2.7819489447339913,-0.11808582791445588,0.11808582791445588,0.124428604320476,0.0006897030038305371,0.0,0.0011234926502818002,0.0
4049,50.6125,2.7804728718850606,0.11701455037819386,0.11701455037819386,0.11949840145514615,0.0006016772694154693,0.0,0.0011133002973156656,0.0
4050,50.625,2.781935553764788,-0.037562250648299766,0.037562250648299766,0.14395390933839808,0.0010383152944052787,0.0,0.00035737491345683663,0.0
4051,50.6375,2.7814660256316843,-0.11806345970970966,0.11806345970970966,0.2579031831301512,0.0030728093680911493,0.0,0.0011232798346198685,0.0
4052,50.65,2.779990232385313,0.05614583124561534,0.05614583124561534,0.2737568312912357,0.0033558664877790995,0.0,0.0005341828893650751,0.0
4053,50.6625,2.780692055275883,0.22345673377575537,0.22345673377575537,0.3423657199575549,0.004580835921536932,0.0,0.002126012938952386,0.0
4054,50.675,2.78348526444808,-0.08157962611516467,0.08157962611516467,0.42074903098123034,0.005980321643973239,0.0,0.000776165200954691,0.0
4055,50.6875,2.7824655191216405,-0.14537107002819738,0.14537107002819738,0.4249589698436194,0.0060554875084065955,0.0,0.0013830900085537432,0.0
4056,50.7,2.780648380746288,-0.0657524582946678,0.0657524582946678,0.4242179062976985,0.006042256275400617,0.0,0.0006255822983731355,0.0
4057,50.7125,2.7798264750176047,-0.25541199170749707,0.25541199170749707,0.4530796410541713,0.006557564766314292,0.0,0.0024300417801625175,0.0
4058,50.725,2.776633825121261,0.6064169469206959,0.6064169469206959,0.44818433054244866,0.00647016201337395,0.0,0.005769574511221479,0.0
4059,50.7375,2.7842140369577697,-0.28525249691853105,0.28525249691853105,0.4056059657567875,0.005709951544793218,0.0,0.0027139504326858257,0.0
4060,50.75,2.780648380746288,0.5842295974646916,0.5842295974646916,0.427118099022875,0.006094037429554365,0.0,0.005558479543406097,0.0
4061,50.7625,2.7879512507145967,-0.7269502038148445,0.7269502038148445,0.3870111566552952,0.005377952685481101,0.0,0.006916352499967124,0.0
4062,50.775,2.778864373166911,0.18745203980842007,0.18745203980842007,0.2893663353529829,0.003634564565002814,0.0,0.0017834569374205991,0.0
4063,50.7875,2.7812075236645164,0.1268794537565654,0.1268794537565654,1.3889094733808143,0.023266229810784203,0.0,0.0012071569999961042,0.0
4064,50.8,2.7827935168364735,-0.4548472476394494,0.4548472476394494,2.761567457632537,0.047774192356130736,0.0,0.004327509479749088,0.0
4065,50.8125,2.7771079262409804,0.17303048736000193,0.17303048736000193,3.115775829507246,0.05409836459040057,0.0,0.0016462473461630542,0.0
4066,50.825,2.7792708073329804,0.27734014498864923,0.27734014498864923,3.1230367694280403,0.054228004198856886,0.0,0.0026386707027075173,0.0
4067,50.8375,2.7827375591453385,-0.4740024846365287,0.4740024846365287,3.1230458288851555,0.054228165949881696,0.0,0.004509756311233513,0.0
4068,50.85,2.776812528087382,0.2830306369561342,0.2830306369561342,3.1451735272448946,0.054623242370109445,0.0,0.002692811203857142,0.0
4069,50.8625,2.7803504110493336,-0.009925930989496123,0.009925930989496123,3.2151588956994193,0.05587278800236741,0.0,9.443733181920704e-05,0.0
4070,50.875,2.780226336911965,-3.8467949595629847,3.8467949595629847,3.2262826851403585,0.056071396408910484,0.0,0.036599191795826116,0.0
4071,50.8875,2.7321413999174275,6.752301887375154,6.752301887375154,3.3004692938702456,0.057395952597690085,0.0,0.06424277728268549,0.0
4072,50.9,2.816545173509617,-4.106253717462849,4.106253717462849,2.2863673694851165,0.03928978757687974,0.0,0.03906773533487732,0.0
4073,50.9125,2.7652170020413314,0.6263678609409595,0.6263678609409595,2.0038096777838543,0.03424489408952711,0.0,0.005959391576182128,0.0
4074,50.925,2.7730466003030934,0.2781550735863192,0.2781550735863192,2.0496175667860532,0.03506276572312219,0.0,0.00264642409958974,0.0
4075,50.9375,2.7765235387229223,-1.155114060499045,1.155114060499045,2.138904157859784,0.036656922792794235,0.0,0.010989990756113198,0.0
4076,50.95,2.7620846129666843,1.908179238530785,1.908179238530785,3.0932595250740187,0.053696349848170385,0.0,0.01815480644690653,0.0
4077,50.9625,2.785936853448319,0.7571819086831155,0.7571819086831155,3.135776655748269,0.054455467019421284,0.0,0.007203983105814221,0.0
4078,50.975,2.795401627306858,-4.321042955545593,4.321042955545593,3.567844686764007,0.062169775494410974,0.0,0.04111128395207806,0.0
4079,50.9875,2.741388590362538,0.5182724051862309,0.5182724051862309,3.2322425642793724,0.05617780637875696,0.0,0.004930949364155834,0.0
4080,51.0,2.747866995427366,2.676478919111638,2.676478919111638,3.316096601692118,0.05767496855008104,0.0,0.025464566302015903,0.0
4081,51.0125,2.7813229819162615,-1.3703168464270377,1.3703168464270377,3.1782163852368153,0.055213202240192195,0.0,0.01303747395185636,0.0
4082,51.025,2.7641940213359235,-1.7519134842842377,1.7519134842842377,4.2745737713651275,0.07478798784870928,0.0,0.016668062190737874,0.0
4083,51.0375,2.7422951027823705,6.425032018314987,6.425032018314987,4.240885577923112,0.07418650591178864,0.0,0.061129065002037,0.0
4084,51.05,2.822608003011308,-2.399973743305779,2.399973743305779,3.782865781632093,0.06600884465799374,0.0,0.022833839666404704,0.0
4085,51.0625,2.7926083312199856,-4.872852166433113,4.872852166433113,4.349815855637145,0.07613138890296217,0.0,0.046361309325478814,0.0
4086,51.075,2.7316976791395717,0.6437565591302885,0.6437565591302885,4.029247254131797,0.07040783404148662,0.0,0.0061248311971655355,0.0
4087,51.0875,2.7397446361287003,-2.159037680378759,2.159037680378759,4.189279044170889,0.07326510304901791,0.0,0.02054152482501295,0.0
4088,51.1,2.712756665123966,0.006415724358426189,0.006415724358426189,4.120299191061524,0.07203351027369931,0.0,6.10405100275657e-05,0.0
4089,51.1125,2.712836861678446,8.20031344176801,8.20031344176801,4.12333148480243,0.07208765001009483,0.0,0.07801945453189792,0.0
4090,51.125,2.8153407797005463,-0.8799075644437693,0.8799075644437693,2.9765153655756964,0.051611954812263064,0.0,0.00837162002451367,0.0
4091,51.1375,2.804341935144999,-3.4468450401529083,3.4468450401529083,2.9615394705420592,0.05134456943383793,0.0,0.03279398669311445,0.0
4092,51.15,2.761256372143088,-6.530426449890676,6.530426449890676,2.7667897988929786,0.04786743404158939,0.0,0.06213180911915234,0.0
4093,51.1625,2.6796260415194544,1.502055888348508,1.502055888348508,1.683701163762449,0.028529553806594363,0.0,0.014290866064762223,0.0
4094,51.175,2.6984017401238107,3.306996569007765,3.306996569007765,1.6127148410135663,0.027262136752148804,0.0,0.031463439816663406,0.0
4095,51.1875,2.739739197236408,0.2754919540719669,0.2754919540719669,1.145193972509353,0.018914839708074685,0.0,0.002621086637389244,0.0
4096,51.2,2.7431828466623074,0.4472337634001988,0.4472337634001988,1.247410212023392,0.02073984768404319,0.0,0.004255073237933255,0.0
4097,51.2125,2.74877326870481,1.4516852437091288,1.4516852437091288,1.3087461003327934,0.021834962177688752,0.0,0.013811629478613249,0.0
4098,51.225,2.766919334251174,-0.25063087305422727,0.25063087305422727,1.2053362636453813,0.01998864325962479,0.0,0.002384553242190246,0.0
4099,51.2375,2.763786448337996,-1.7193076444500477,1.7193076444500477,1.23839565805364,0.02057889837723234,0.0,0.016357843580622228,0.0
4100,51.25,2.7422951027823705,-2.020955258833297,2.020955258833297,1.084231460786092,0.017826391623318606,0.0,0.019227780504637575,0.0
4101,51.2625,2.7170331620469543,0.6198131075457525,0.6198131075457525,0.8192550382186728,0.01309540086364855,0.0,0.0058970283155437755,0.0
4102,51.275,2.7247808258912762,0.7881541203342479,0.7881541203342479,0.797464730230151,0.012706348340615745,0.0,0.007498659044219187,0.0
4103,51.2875,2.7346327523954543,1.4256226134101269,1.4256226134101269,0.8126860492417599,0.012978115612949528,0.0,0.013563664298497372,0.0
4104,51.3,2.752453035063081,-1.2059398756710493,1.2059398756710493,0.7137569984341005,0.011211798365931513,0.0,0.011473557927541206,0.0
4105,51.3125,2.737378786617193,-0.16596166238425525,0.16596166238425525,0.8733088706301275,0.014060498736076352,0.0,0.0015789931036629887,0.0
4106,51.325,2.7353042658373896,-0.8420939460344812,0.8420939460344812,0.8917518622704727,0.01438978698816204,0.0,0.008011853546912551,0.0
4107,51.3375,2.7247780915119586,0.30247514549504473,0.30247514549504473,1.0468195434741765,0.017158424891074046,0.0,0.002877810223787233,0.0
4108,51.35,2.7285590308306467,0.22187342092429674,0.22187342092429674,1.23801403033492,0.020572084649454585,0.0,0.002110948977568306,0.0
4109,51.3625,2.7313324485922004,0.319902664572318,0.319902664572318,1.3325832543962308,0.022260559876224592,0.0,0.0030436191946160295,0.0
4110,51.375,2.7353312318993543,-0.9040220499351292,0.9040220499351292,1.3321930808976654,0.02225359356881318,0.0,0.008601050157607173,0.0
4111,51.3875,2.7240309562751652,0.9079225414748393,0.9079225414748393,1.6857204912094446,0.028565607653951493,0.0,0.00863816022961789,0.0
4112,51.4,2.7353799880436007,1.8654880405390983,1.8654880405390983,1.654912525414778,0.02801555040702148,0.0,0.017748633682380287,0.0
4113,51.4125,2.7586985885503394,0.5366258250532141,0.5366258250532141,1.5984492453426484,0.027007433331193945,0.0,0.005105567543934607,0.0
4114,51.425,2.7654064113635046,-1.7646530525406234,1.7646530525406234,1.5893070290291904,0.026844204691895406,0.0,0.016789269041353184,0.0
4115,51.4375,2.743348248206747,-1.89374546211873,1.89374546211873,1.463958094624351,0.02460617670186585,0.0,0.01801748055436588,0.0
4116,51.45,2.7196764299302627,-1.4120987712060895,1.4120987712060895,1.3019251730190198,0.021713178723216937,0.0,0.013434995705592104,0.0
4117,51.4625,2.7020251952901866,0.3066266686956354,0.3066266686956354,1.2120166428826102,0.020107917314788625,0.0,0.00291730866221726,0.0
4118,51.475,2.705858028648882,3.0581983624845677,3.0581983624845677,1.4677170949324716,0.024673291336258618,0.0,0.02909632293762015,0.0
4119,51.4875,2.744085508179939,-0.03128065933751145,0.03128065933751145,1.1662862750106575,0.019291429773209436,0.0,0.00029761057260081807,0.0
4120,51.5,2.7436944999382202,-1.4179146006330967,1.4179146006330967,1.3605655694587568,0.022760166870357455,0.0,0.01349032869289409,0.0
4121,51.5125,2.7259705674303065,0.23414101903536988,0.23414101903536988,1.36255317935452,0.022795654420380104,0.0,0.0022276654079632047,0.0
4122,51.525,2.7288973301682486,-0.22849979911914176,0.22849979911914176,1.7131391165919394,0.029055150316164895,0.0,0.0021739936911582304,0.0
4123,51.5375,2.7260410826792594,-0.030962911536818183,0.030962911536818183,1.835344541833445,0.031237052886956874,0.0,0.00029458745522063,0.0
4124,51.55,2.725654046285049,0.43107358016047925,0.43107358016047925,1.835459806987447,0.03123911087526093,0.0,0.004101321958735004,0.0
4125,51.5625,2.731042466037055,-2.3612905240601023,2.3612905240601023,1.8826476810426844,0.03208162129169997,0.0,0.022465799629091836,0.0
4126,51.575,2.701526334486304,1.7322871760978487,1.7322871760978487,1.6952709196184084,0.02873612466869533,0.0,0.01648133349188379,0.0
4127,51.5875,2.723179924187527,1.9819935488784424,1.9819935488784424,1.5836750314568144,0.026743648845396966,0.0,0.018857090849919645,0.0
4128,51.6,2.7479548435485075,-1.433102158559656,1.433102158559656,1.4247288560939568,0.023905762819008157,0.0,0.013634826216496832,0.0
4129,51.6125,2.730041066566512,2.9463838423771804,2.9463838423771804,1.3414538403027938,0.022418938721973147,0.0,0.02803249678884267,0.0
4130,51.625,2.7668708645962266,-1.8765297209798604,1.8765297209798604,0.9799674656523569,0.015964822232485434,0.0,0.017853686482034985,0.0
4131,51.6375,2.7434142430839783,-0.06590621002199981,0.06590621002199981,0.9250581095455002,0.01498444951160731,0.0,0.0006270451236645055,0.0
4132,51.65,2.7425904154587033,-1.26072246528107,1.26072246528107,0.9254850431130368,0.014992072147400481,0.0,0.011994770657953267,0.0
4133,51.6625,2.72683138464269,-0.46080640052370114,0.46080640052370114,0.9474070829759662,0.015383476661884216,0.0,0.004384206075653996,0.0
4134,51.675,2.7210713046361437,0.27107890976658666,0.27107890976658666,0.9381075941866972,0.015217440019433535,0.0,0.0025791000338312425,0.0
4135,51.6875,2.724459791008226,-0.3207866780466162,0.3207866780466162,0.9414487949776579,0.015277095100874659,0.0,0.0030520298791042954,0.0
4136,51.7,2.7204499575326433,0.45929351734908863,0.45929351734908863,0.9499538917468326,0.015428948363271347,0.0,0.0043698121965795025,0.0
4137,51.7125,2.726191126499507,1.4028115950523201,1.4028115950523201,0.9777300795966593,0.015924875083026778,0.0,0.013346635617553504,0.0
4138,51.725,2.743726271437661,-1.6384547513163383,1.6384547513163383,0.8575595789147329,0.013779304836426948,0.0,0.015588592665469672,0.0
4139,51.7375,2.7232455870462067,-0.10326713145925481,0.10326713145925481,0.6327030316165945,0.00976462972982142,0.0,0.0009825045499465418,0.0
4140,51.75,2.721954747902966,1.3848761898599804,1.3848761898599804,0.6320657835132301,0.009753252057576382,0.0,0.013175994514643026,0.0
4141,51.7625,2.7392657002762157,0.2684547595879039,0.2684547595879039,0.39973683717512093,0.00560516187023221,0.0,0.0025541333338380684,0.0
4142,51.775,2.7426213847710645,-0.3517436249220296,0.3517436249220296,0.4082333285037623,0.005756861487790417,0.0,0.0033465605853198327,0.0
4143,51.7875,2.738224589459539,-0.4812448398193325,0.4812448398193325,0.40762171467701935,0.005745941499759892,0.0,0.004578661555514858,0.0
4144,51.8,2.7322090289617975,-0.7995625253249372,0.7995625253249372,0.3716254048759772,0.005103249567395151,0.0,0.00760720093603505,0.0
4145,51.8125,2.722214497395236,0.4511085833098605,0.4511085833098605,0.24805420453931595,0.002896961923801745,0.0,0.004291939064819984,0.0
4146,51.825,2.727853354686609,0.06141278969732156,0.06141278969732156,0.43583807185658235,0.0062497271716873545,0.0,0.0005842938062662823,0.0
4147,51.8375,2.7286210145578256,0.06493325966509644,0.06493325966509644,0.516887491837054,0.007696814626823734,0.0,0.0006177882755365332,0.0
4148,51.85,2.7294326803036393,-0.011880054448631938,0.011880054448631938,0.5286891694354474,0.00790752630873724,0.0,0.00011302926095123435,0.0
4149,51.8625,2.7292841796230314,-0.3563527044899928,0.3563527044899928,0.556317817563092,0.008400818797659738,0.0,0.003390412308347273,0.0
4150,51.875,2.7248297708169065,0.3460226464742888,0.3460226464742888,0.5437306704946079,0.008176083042324922,0.0,0.0032921300295793627,0.0
4151,51.8875,2.729155053897835,0.08483177492390581,0.08483177492390581,0.5686886788310975,0.008621692903291544,0.0,0.0008071068079940239,0.0
4152,51.9,2.730215451084384,0.1634129940585538,0.1634129940585538,0.5682028454796532,0.008613018648147813,0.0,0.0015547445534135388,0.0
4153,51.9125,2.732258113510116,-1.1094550220067845,1.1094550220067845,0.8158139905848567,0.013033963078348894,0.0,0.010555581351775957,0.0
4154,51.925,2.718389925735031,0.7883618239374002,0.7883618239374002,0.7745828625404098,0.012297806691682374,0.0,0.007500635178660549,0.0
4155,51.9375,2.7282444485342485,0.3208314160064063,0.3208314160064063,0.7767853103885874,0.012337130040972942,0.0,0.003052455525178007,0.0
4156,51.95,2.7322548412343286,0.4898564542519068,0.4898564542519068,0.8127767244463205,0.012979734562857415,0.0,0.004660594211557772,0.0
4157,51.9625,2.7383780469124774,0.12733999051423694,0.12733999051423694,0.8111474402279906,0.012950644697022904,0.0,0.0012115386406346693,0.0
4158,51.975,2.7399697967939054,-0.5846724236922896,0.5846724236922896,0.833162200558335,0.0133437046783226,0.0,0.005562692682449495,0.0
4159,51.9875,2.732661391497752,-0.05270399871797338,0.05270399871797338,0.8097486721177115,0.012925670554265096,0.0,0.0005014365927382874,0.0
4160,52.0,2.732002591513777,1.6638172242195637,1.6638172242195637,0.8628051902031012,0.01387296199389641,0.0,0.015829896405325627,0.0
4161,52.0125,2.7528003068165217,-0.8404163227320893,0.8404163227320893,0.6403975212821991,0.009902010101839576,0.0,0.007995892296663757,0.0
4162,52.025,2.7422951027823705,-0.8055115302684968,0.8055115302684968,0.5863661677914218,0.00893731357669008,0.0,0.00766380098236255,0.0
4163,52.0375,2.7322262086540143,-0.748743935151559,0.748743935151559,0.5233932837576322,0.007812971533020777,0.0,0.007123702504717503,0.0
4164,52.05,2.72286690946462,-0.4677527911900725,0.4677527911900725,0.4528850268093763,0.006554090048885079,0.0,0.0044502954531642925,0.0
4165,52.0625,2.717019999574744,0.552999217350667,0.552999217350667,0.4445636972734678,0.006405517837210148,0.0,0.0052613473375919375,0.0
4166,52.075,2.7239324897916273,0.18469195836239294,0.18469195836239294,0.4008738414550953,0.005625462381085758,0.0,0.0017571969596268454,0.0
4167,52.0875,2.726241139271157,0.8442137083943635,0.8442137083943635,0.4168481944008346,0.0059106746103314445,0.0,0.008032021398328194,0.0
4168,52.1,2.7367938106260867,-0.30610009440295016,0.30610009440295016,0.29885656155620277,0.0038040067064566948,0.0,0.0029122987270022763,0.0
4169,52.1125,2.73296755944605,-0.4195592630876277,0.4195592630876277,0.2846994785933572,0.003551240713044343,0.0,0.00399177239776877,0.0
4170,52.125,2.7277230686574545,0.29961775550372494,0.29961775550372494,0.24674766035310564,0.0028736343823843992,0.0,0.0028506244326475696,0.0
4171,52.1375,2.731468290601251,-0.09965954359969942,0.09965954359969942,0.41268263063720184,0.0058363010359446564,0.0,0.0009481812232862715,0.0
4172,52.15,2.730222546306255,-0.3988094044386514,0.3988094044386514,1.2190159546404544,0.020232885713597715,0.0,0.003794354010666475,0.0
4173,52.1625,2.7252374287507717,0.10154694001556663,0.10154694001556663,1.4663999191061683,0.0246497739734581,0.0,0.0009661382977197179,0.0
4174,52.175,2.7265067655009663,0.37230600691085414,0.37230600691085414,1.4719068432988793,0.024748096711826605,0.0,0.0035421952812417397,0.0
4175,52.1875,2.731160590587352,0.19266396425031473,0.19266396425031473,1.4864639851465524,0.025008005510131198,0.0,0.00183304424952832,0.0
4176,52.2,2.733568890140481,-0.16614950376862225,0.16614950376862225,1.4849082851280249,0.02498022944484524,0.0,0.0015807802649039462,0.0
4177,52.2125,2.731492021343373,0.12113997469807458,0.12113997469807458,1.4915769985922505,0.025099295214819965,0.0,0.0011525504256717745,0.0
4178,52.225,2.733006271027099,-0.9824210733348337,0.9824210733348337,1.5468991062710702,0.02608703736069853,0.0,0.00934695445564577,0.0
4179,52.2375,2.7207260076104136,3.2458397337110156,3.2458397337110156,1.521414544778218,0.025632026217560878,0.0,0.03088158121276585,0.0
4180,52.25,2.7612990042818013,-2.3395896096883106,2.3395896096883106,1.0378734840317272,0.016998698511845278,0.0,0.022259332703875673,0.0
4181,52.2625,2.7320541341606974,-0.3738449435133262,0.3738449435133262,0.6281385056955475,0.009683132931934608,0.0,0.0035568370379424636,0.0
4182,52.275,2.727381072366781,0.6950792423051411,0.6950792423051411,0.6224995699399528,0.009582453208449759,0.0,0.006613125672108448,0.0
4183,52.2875,2.736069562895595,0.011785243031106063,0.011785243031106063,0.5749601931578928,0.008733666927401774,0.0,0.00011212720578818561,0.0
4184,52.3,2.736216878433484,-0.43174098427584795,0.43174098427584795,0.5795195217178298,0.008815070929608326,0.0,0.004107671777605121,0.0
4185,52.3125,2.730820116130036,-1.1659477310291422,1.1659477310291422,0.5677102210443187,0.008604223142385552,0.0,0.011093064507054386,0.0
4186,52.325,2.7162457694921716,0.5827470651802358,0.5827470651802358,0.3963343852821651,0.00554441318810484,0.0,0.005544374428890592,0.0
4187,52.3375,2.7235301078069245,0.7970626018605742,0.7970626018605742,0.33897870667189034,0.004520362886230247,0.0,0.007583416154337847,0.0
4188,52.35,2.7334933903301817,0.11266077228448523,0.11266077228448523,0.19393000784953532,0.0019306077405393989,0.0,0.0010718775645828008,0.0
4189,52.3625,2.7349016499837377,0.2886899715861446,0.2886899715861446,0.23019665231611203,0.0025781263317905066,0.0,0.0027466552677435216,0.0
4190,52.375,2.7385102746285646,-0.16650293153386286,0.16650293153386286,0.24246369086647046,0.002797146746769111,0.0,0.0015841428487437359,0.0
4191,52.3875,2.7364289879843913,-0.2055434519524013,0.2055434519524013,0.23580561717334536,0.0026782709433516854,0.0,0.0019555823222864796,0.0
4192,52.4,2.7338596948349863,-0.2793142132303572,0.2793142132303572,0.23191804756759354,0.0026088607833677103,0.0,0.0026574523905686575,0.0
4193,52.4125,2.730368267169607,-0.19422283728342649,0.19422283728342649,0.24153593019779937,0.0027805821516698943,0.0,0.0018478756854961678,0.0
4194,52.425,2.727940481703564,-0.04689446594028368,0.04689446594028368,0.5141212869980928,0.0076474257438217,0.0,0.0004461635130421035,0.0
4195,52.4375,2.7273543008793104,0.1301040592192848,0.1301040592192848,0.5545944528091727,0.008370049181830017,0.0,0.0012378365540239443,0.0
4196,52.45,2.7289806016195515,0.3684367733491456,0.3684367733491456,0.6151092658373569,0.009450503882235135,0.0,0.003505382604008767,0.0
4197,52.4625,2.733586061286416,0.360176402479091,0.360176402479091,0.7168568982151559,0.01126714516651844,0.0,0.0034267917508554895,0.0
4198,52.475,2.7380882663174044,-0.04741737893070308,0.04741737893070308,0.7135381486178131,0.011207890937306056,0.0,0.0004511386138806111,0.0
4199,52.4875,2.7374955490807706,0.16643810926890268,0.16643810926890268,0.718419237608502,0.011295039773750933,0.0,0.0015835261164944593,0.0
4200,52.5,2.739576025446632,-0.33829783922470824,0.33829783922470824,0.7409055921072828,0.011696519778355228,0.0,0.0032186346379390173,0.0
4201,52.5125,2.735347302456323,-1.2982955163855792,1.2982955163855792,0.7419736574535364,0.011715589427023927,0.0,0.012352248329153223,0.0
4202,52.525,2.7191186085015033,-0.5901131803924287,0.5901131803924287,0.6010248199233178,0.00919903477857389,0.0,0.005614457151332296,0.0
4203,52.5375,2.711742193746598,0.7636768170394248,0.7636768170394248,0.6664988048782715,0.010368032438136787,0.0,0.0072657769885471546,0.0
4204,52.55,2.721288153959591,1.104509341179778,1.104509341179778,0.6093659321794689,0.009347960198529627,0.0,0.01050852713572044,0.0
4205,52.5625,2.735094520724338,0.30290271873496977,0.30290271873496977,0.4689384392513892,0.006840713836724209,0.0,0.002881878242795076,0.0
4206,52.575,2.738880804708525,-0.24117317282197348,0.24117317282197348,0.5451011293235668,0.008200551740307526,0.0,0.002294570753290705,0.0
4207,52.5875,2.7358661400482505,-0.5387214566136223,0.5387214566136223,0.6382185346539133,0.009863105638174543,0.0,0.005125505810002596,0.0
4208,52.6,2.72913212184058,0.3565332011709188,0.3565332011709188,0.6391417640060397,0.009879589329408826,0.0,0.0033921295905817465,0.0
4209,52.6125,2.7335887868552167,0.41378575898395553,0.41378575898395553,0.6487046904606008,0.010050329489056127,0.0,0.003936842102225206,0.0
4210,52.625,2.738761108842516,-1.00605772577687,1.00605772577687,0.6338135994239077,0.009784458233744438,0.0,0.009571838387654364,0.0
4211,52.6375,2.7261853872703052,0.007193056219598759,0.007193056219598759,0.5784025737917688,0.008795128512596175,0.0,6.843620389093017e-05,0.0
4212,52.65,2.7262753004730502,-0.09247836939518805,0.09247836939518805,0.6135372686933851,0.009422436841815846,0.0,0.0008798580673102096,0.0
4213,52.6625,2.7251193208556104,0.8423810943245513,0.8423810943245513,0.6140371326736727,0.009431361605192598,0.0,0.008014585534307927,0.0
4214,52.675,2.7356490845346673,0.9693635817260216,0.9693635817260216,0.5397551135548029,0.00810510192270484,0.0,0.009222722817415279,0.0
4215,52.6875,2.7477661293062425,-0.5474076908334524,0.5474076908334524,0.5037870740480681,0.0074629147390262085,0.0,0.005208148413920104,0.0
4216,52.7,2.7409235331708244,-0.47501639020968156,0.47501639020968156,0.4659202639158224,0.006786826175756948,0.0,0.004519402815641664,0.0
4217,52.7125,2.7349858282932034,-0.13577143090788724,0.13577143090788724,0.4776419207159986,0.006996109135623113,0.0,0.0012917570841249194,0.0
4218,52.725,2.7332886854068548,-0.6890508080173419,0.6890508080173419,0.5024446293478488,0.007438946216051341,0.0,0.006555769918800306,0.0
4219,52.7375,2.724675550306638,-0.5788603300556616,0.5788603300556616,0.48244329527094054,0.007081834719933792,0.0,0.005507395238219087,0.0
4220,52.75,2.7174397961809422,0.11602245738185246,0.11602245738185246,0.466635174891841,0.006799590470741231,0.0,0.0011038613222119549,0.0
4221,52.7625,2.7188900768982154,0.1547829658814237,0.1547829658814237,0.5119215144168731,0.0076081501597743,0.0,0.0014726367052494528,0.0
4222,52.775,2.720824863971733,0.7996201726642127,0.7996201726642127,0.5116365105135553,0.007603061590685769,0.0,0.007607749404578043,0.0
4223,52.7875,2.730820116130036,0.07679447102116654,0.07679447102116654,0.43540304849233563,0.006241960097558455,0.0,0.0007306382594621017,0.0
4224,52.8,2.7317800470178004,0.5604654028134703,0.5604654028134703,0.4434549644482785,0.006385722095762326,0.0,0.0053323821488071915,0.0
4225,52.8125,2.738785864552969,0.46141552914114925,0.46141552914114925,0.4505124157899429,0.006511728541017809,0.0,0.004390001449551658,0.0
4226,52.825,2.744553558667233,-0.5632037258048328,0.5632037258048328,0.5676099116902318,0.008602432180673959,0.0,0.005358435112225648,0.0
4227,52.8375,2.7375135120946728,-0.4637392673343399,0.4637392673343399,0.5322477287919718,0.007971062193440985,0.0,0.004412109968646092,0.0
4228,52.85,2.7317167712529935,-0.6066162002692721,0.6066162002692721,0.5716939452310236,0.008675350083166783,0.0,0.005771470248217382,0.0
4229,52.8625,2.7241340687496276,0.1470510872725228,0.1470510872725228,0.5831741586658596,0.008880322220510174,0.0,0.0013990740352543365,0.0
4230,52.875,2.725972207340534,0.24864349277429199,0.24864349277429199,0.598971054852175,0.00916236606865636,0.0,0.0023656449008824325,0.0
4231,52.8875,2.729080251000213,0.2500186345828226,0.2500186345828226,0.6078439694469454,0.009320786491698036,0.0,0.002378728280507789,0.0
4232,52.9,2.732205483932498,-0.6038166261766875,0.6038166261766875,0.6675906684148302,0.010387526988830125,0.0,0.00574483452932979,0.0
4233,52.9125,2.7246577761052895,1.0801207761530307,1.0801207761530307,0.6449235016380521,0.009982818692409709,0.0,0.010276489354028976,0.0
4234,52.925,2.7381592858072024,-0.07779139028325943,0.07779139028325943,0.6557467934192173,0.0101760618983892,0.0,0.0007401231526424848,0.0
4235,52.9375,2.7371868934286616,-0.7506162040247943,0.7506162040247943,1.0072924063961985,0.01645269221319949,0.0,0.0071415156526251,0.0
4236,52.95,2.7278041908783517,-0.6885116360699328,0.6885116360699328,0.9717114425505583,0.01581741602695296,0.0,0.0065506401269289985,0.0
4237,52.9625,2.7191977954274775,0.41354301346871125,0.41354301346871125,1.0562969112924834,0.017327637453988003,0.0,0.0039345325718854315,0.0
4238,52.975,2.7243670830958364,-0.38404077861255104,0.38404077861255104,1.0463210251348485,0.01714952415328751,0.0,0.0036538422925083422,0.0
4239,52.9875,2.7195665733631795,0.8198374183525559,0.8198374183525559,1.0426382767659337,0.01708377095028662,0.0,0.007800100403346917,0.0
4240,53.0,2.7298145410925865,0.35579024344635,0.35579024344635,1.1187261336668746,0.018442272753705975,0.0,0.0033850609392646063,0.0
4241,53.0125,2.734261919135666,-1.13105312164965,1.13105312164965,1.15307384475252,0.019055529971791708,0.0,0.01076107007669214,0.0
4242,53.025,2.7201237551150452,2.164052813503652,2.164052813503652,1.1385318751797495,0.018795892065107105,0.0,0.02058923982439529,0.0
4243,53.0375,2.747174415283841,-0.010284480858686607,0.010284480858686607,0.8527097338131029,0.013692713840370293,0.0,9.784864840062464e-05,0.0
4244,53.05,2.7470458592731073,-1.3588114551999197,1.3588114551999197,0.8908253643128229,0.01437324493799009,0.0,0.012928009313206854,0.0
4245,53.0625,2.7300607160831083,0.05669220982092327,0.05669220982092327,0.7603869533743378,0.012044347480334188,0.0,0.0005393812465639982,0.0
4246,53.075,2.73076936870587,-0.2931593899961271,0.2931593899961271,0.8833559369987284,0.014239882915585938,0.0,0.0027891782260301592,0.0
4247,53.0875,2.7271048763309182,1.4098801652287207,1.4098801652287207,0.9204785645831998,0.014902684557992901,0.0,0.013413887435840625,0.0
4248,53.1,2.7447283783962773,-0.8665077793976295,0.8665077793976295,0.8674997208355985,0.013956779945803742,0.0,0.00824413173670999,0.0
4249,53.1125,2.733897031153807,-1.0063227507997041,1.0063227507997041,0.8283376309975732,0.013257564961474616,0.0,0.009574359889773237,0.0
4250,53.125,2.7213179967688106,0.36055104263812865,0.36055104263812865,0.7523558538274099,0.011900957146287245,0.0,0.003430356153736114,0.0
4251,53.1375,2.725824884801787,0.7292141571954147,0.7292141571954147,0.7704823724230326,0.012224594967154341,0.0,0.006937892214161225,0.0
4252,53.15,2.73494006176673,0.35116446866560125,0.35116446866560125,0.7335546808769401,0.011565273787602756,0.0,0.00334105037457775,0.0
4253,53.1625,2.73932961762505,-1.272890076639115,1.272890076639115,0.8508163347695982,0.013658908367066682,0.0,0.012110535793987642,0.0
4254,53.175,2.723418491667061,-0.7884459647641506,0.7884459647641506,0.7327292613977685,0.011550536431384513,0.0,0.007501435711646703,0.0
4255,53.1875,2.713562917107509,1.1090364748947223,1.1090364748947223,0.7748778798004782,0.012303074043085957,0.0,0.010551599209189473,0.0
4256,53.2,2.727425873043693,-0.4685461065586338,0.4685461065586338,0.7110774784875069,0.011163957188271793,0.0,0.004457843217376776,0.0
4257,53.2125,2.72156904671171,0.22771534351175404,0.22771534351175404,0.6927656900103469,0.010837011487823919,0.0,0.002166530220520493,0.0
4258,53.225,2.724415488505607,0.5923065910130276,0.5923065910130276,0.713289453171523,0.011203450633346294,0.0,0.005635325707320896,0.0
4259,53.2375,2.73181932089327,0.295682863942055,0.295682863942055,0.6823412957883044,0.010650890351981756,0.0,0.0028131870718120715,0.0
4260,53.25,2.7355153566925456,1.2687017811320445,1.2687017811320445,0.7497367294484928,0.011854194294275644,0.0,0.012070687496334085,0.0
4261,53.2625,2.751374128956696,-0.352532306588067,0.352532306588067,0.6010563956291343,0.009199598543345866,0.0,0.003354064263541464,0.0
4262,53.275,2.7469674751243454,-1.0630124665860663,1.0630124665860663,0.6511209987767046,0.010093471185231353,0.0,0.010113717407583765,0.0
4263,53.2875,2.7336798192920195,-0.6866771563926122,0.6866771563926122,0.532006819349941,0.007966760903789921,0.0,0.0065331865131384075,0.0
4264,53.3,2.725096354837112,-0.11781519731403733,0.11781519731403733,0.7722916743772646,0.012256898938745424,0.0,0.0011209178155545385,0.0
4265,53.3125,2.7236236648706864,0.531709149509787,0.531709149509787,0.8432204531004766,0.013523288580068396,0.0,0.005058789290062667,0.0
4266,53.325,2.7302700292395587,0.07272892970565437,0.07272892970565437,0.8458728110428441,0.013570644796878535,0.0,0.0006919578702226426,0.0
4267,53.3375,2.7311791408608794,-0.9271205490104606,0.9271205490104606,0.8599291891706649,0.013821612767510823,0.0,0.008820813988729017,0.0
4268,53.35,2.7195901339982487,0.05397432156250659,0.05397432156250659,0.9345619064934155,0.01515413395034611,0.0,0.0005135227033624348,0.0
4269,53.3625,2.72026481301778,0.7910734111058204,0.7910734111058204,0.9492435128952073,0.015416264986575634,0.0,0.007526433772006785,0.0
4270,53.375,2.7301532306566028,-0.05076524807712701,0.05076524807712701,0.9146566849321977,0.014798738483976469,0.0,0.0004829909237347391,0.0
4271,53.3875,2.7295186650556387,1.7259058238884961,1.7259058238884961,0.9270453490808304,0.015019930449072627,0.0,0.016420620005492683,0.0
4272,53.4,2.751092487854245,-0.9646609966378961,0.9646609966378961,0.7034672509352397,0.011028081264369155,0.0,0.009177981463798644,0.0
4273,53.4125,2.739034225396271,-0.5644069977851274,0.5644069977851274,0.629321909051242,0.009704261869696336,0.0,0.005369883287252462,0.0
4274,53.425,2.731979137923957,0.4439692338728918,0.4439692338728918,0.597376009366741,0.009133887514301503,0.0,0.0042240138382124495,0.0
4275,53.4375,2.7375287533473682,-1.3895950798144696,1.3895950798144696,0.5764676307473043,0.008760581296752772,0.0,0.013220890996083609,0.0
4276,53.45,2.7201588148496874,0.4734675754772866,0.4734675754772866,0.31618483982711576,0.004113392438162021,0.0,0.004504667076398217,0.0
4277,53.4625,2.7260771595431534,0.3317619295500762,0.3317619295500762,0.2934389621159085,0.0037072788065051258,0.0,0.003156450660301377,0.0
4278,53.475,2.7302241836625294,-0.4302405537629639,0.4302405537629639,0.2695732219076824,0.0032811707199674424,0.0,0.004093396375694022,0.0
4279,53.4875,2.7248461767404923,0.24975120424155506,0.24975120424155506,0.2290682670109622,0.0025579797074218686,0.0,0.00237618389369878,0.0
4280,53.5,2.727968066793512,0.3741790681245405,0.3741790681245405,0.27298701958851074,0.0033421219741465668,0.0,0.0035600159676379855,0.0
4281,53.5125,2.7326453051450685,0.07107397546981531,0.07107397546981531,0.2390592163462219,0.002736361951877671,0.0,0.000676212298096368,0.0
4282,53.525,2.7335337298384412,-0.027628653342226528,0.027628653342226528,0.2548803798205305,0.003018839077498684,0.0,0.0002628646427381762,0.0
4283,53.5375,2.7331883716716634,-0.26877104557836873,0.26877104557836873,0.3552289350624228,0.00481050070156201,0.0,0.0025571425432576083,0.0
4284,53.55,2.729828733601934,-0.3365116898974563,0.3365116898974563,0.37664154244243564,0.005192809612950187,0.0,0.0032016408489559138,0.0
4285,53.5625,2.7256223374782156,-0.0507184163298291,0.0507184163298291,0.3576842337257682,0.0048543385463633215,0.0,0.0004825453569396519,0.0
4286,53.575,2.7249883572740927,-0.153386198714216,0.153386198714216,0.40166116225731396,0.0056395195089015155,0.0,0.001459347577551169,0.0
4287,53.5875,2.723071029790165,0.48864383687856616,0.48864383687856616,0.605610492128097,0.009280909130327456,0.0,0.0046490571225555315,0.0
4288,53.6,2.729179077751147,0.03208026609247128,0.03208026609247128,0.5816735535157685,0.008853529840153435,0.0,0.00030521819434662007,0.0
4289,53.6125,2.729580081077303,0.2599405754556017,0.2599405754556017,0.9394479798030454,0.015241371778734587,0.0,0.0024731276495427693,0.0
4290,53.625,2.732829338270498,0.7003942095638038,0.7003942095638038,0.9383996545548218,0.015222654577353348,0.0,0.006663693354590394,0.0
4291,53.6375,2.7415842658900456,-0.4445311197699908,0.4445311197699908,0.9138379398838931,0.014784120295608901,0.0,0.004229359735233598,0.0
4292,53.65,2.7360276268929207,0.04328272101226105,0.04328272101226105,0.9056226890782421,0.014637442054302289,0.0,0.0004118006351846053,0.0
4293,53.6625,2.736568660905574,-0.5193474592546465,0.5193474592546465,0.912025234929438,0.014751755565545598,0.0,0.004941177647819099,0.0
4294,53.675,2.730076817664891,1.2911182584232606,1.2911182584232606,0.8967951156436537,0.014479831169738699,0.0,0.012283962433104098,0.0
4295,53.6875,2.7462157958951816,-0.10683275149322213,0.10683275149322213,0.7809999345371789,0.012412379558304603,0.0,0.001016428586154865,0.0
4296,53.7,2.7448803865015163,-2.0868100571550485,2.0868100571550485,0.7918371649776805,0.012605871630458244,0.0,0.019854336486900548,0.0
4297,53.7125,2.7187952607870782,0.22764081810798587,0.22764081810798587,0.2898840115600834,0.003643807354714304,0.0,0.0021658211706296502,0.0
4298,53.725,2.721640771013428,0.3558075300096064,0.3558075300096064,0.3256686822257422,0.004282720600718268,0.0,0.0033852254071530074,0.0
4299,53.7375,2.726088365138548,0.27933727510038864,0.27933727510038864,0.30681800009724036,0.003946153286165108,0.0,0.002657671805903585,0.0
4300,53.75,2.729580081077303,-0.3081784991470826,0.3081784991470826,0.48873107452604586,0.007194099144317359,0.0,0.0029320730936268236,0.0
4301,53.7625,2.7257278498379645,-0.22211120140145368,0.22211120140145368,0.5037639803078714,0.007462502414524208,0.0,0.0021132112695231024,0.0
4302,53.775,2.7229514598204463,0.3357703138635415,0.3357703138635415,0.5603464337162957,0.00847274725684261,0.0,0.00319458724616624,0.0
4303,53.7875,2.7271485887437406,0.38441490805393386,0.38441490805393386,0.5595517036642502,0.008458557841436405,0.0,0.003657401836317038,0.0
4304,53.8,2.7319537750944147,0.10483019216650291,0.10483019216650291,0.5456154332594676,0.00820973432019457,0.0,0.0009973758283001954,0.0
4305,53.8125,2.733264152496496,0.4775344442705176,0.4775344442705176,0.5757204416156374,0.00874724069518758,0.0,0.0045433600955314315,0.0
4306,53.825,2.7392333330498775,0.17668207384929246,0.17668207384929246,0.5507039825118658,0.008300587231785587,0.0,0.0016809892847601076,0.0
4307,53.8375,2.7414418589729936,-1.1116634101427536,1.1116634101427536,0.5583643377915236,0.008437358155374572,0.0,0.01057659240690044,0.0
4308,53.85,2.727546066346209,-0.4629629191657969,0.4629629191657969,0.4000085073009168,0.005610012372938698,0.0,0.004404723633835029,0.0
4309,53.8625,2.7217590298566368,0.7287065315828656,0.7287065315828656,0.3879956924828246,0.005395530966059709,0.0,0.006933062560553623,0.0
4310,53.875,2.7308678615014226,-0.3249947230832717,0.3249947230832717,0.29029272750254737,0.0036511047260365955,0.0,0.003092066077810224,0.0
4311,53.8875,2.7268054274628817,0.15671489090998136,0.15671489090998136,0.40621952796839,0.005720906320034912,0.0,0.0014910174339856086,0.0
4312,53.9,2.7287643635992564,0.5301433544383727,0.5301433544383727,0.4024550282867077,0.005653693497715642,0.0,0.005043891996410665,0.0
4313,53.9125,2.735391155529736,0.05104841963618156,0.05104841963618156,0.3825605574156935,0.005298489978295548,0.0,0.00048568507570018155,0.0
4314,53.925,2.7360292607751884,-0.31493398375403103,0.31493398375403103,0.41527011657972734,0.0058824990031685126,0.0,0.002996346151952642,0.0
4315,53.9375,2.732092585978263,0.1472552716073139,0.1472552716073139,0.40232207927193475,0.005651319774973431,0.0,0.0014010166866587593,0.0
4316,53.95,2.7339332768733544,0.37229756418685866,0.37229756418685866,0.49764189176134616,0.007353196295651977,0.0,0.0035421149554437604,0.0
4317,53.9625,2.73858699642569,-0.02910139544184176,0.02910139544184176,0.49979772509382236,0.007391687371486238,0.0,0.0002768766114384079,0.0
4318,53.975,2.738223228982667,-0.8669354463441437,0.8669354463441437,0.5239935454114856,0.007823688834999001,0.0,0.008248200647261434,0.0
4319,53.9875,2.7273865359033653,0.014335834683478765,0.014335834683478765,0.47445714302869496,0.006939246892317661,0.0,0.00013639405495984684,0.0
4320,54.0,2.727565733836909,0.39511038790543296,0.39511038790543296,0.48120339935521883,0.007059697142320675,0.0,0.003759160812958174,0.0
4321,54.0125,2.7325046136857267,-0.4597602181777205,0.4597602181777205,0.4973869387266982,0.007348644266307697,0.0,0.0043742524834463415,0.0
4322,54.025,2.726757610958505,-0.12038978398354772,0.12038978398354772,0.5059378349159436,0.007501315249130423,0.0,0.0011454129582130108,0.0
4323,54.0375,2.725252738658711,0.8414031677769529,0.8414031677769529,0.5793817585728076,0.00881261125353674,0.0,0.008005281341686791,0.0
4324,54.05,2.735770278255923,-0.3947252017349001,0.3947252017349001,0.5134537039545837,0.0076355064599112595,0.0,0.0037554960731733342,0.0
4325,54.0625,2.7308362132342365,0.4461150616244325,0.4461150616244325,0.49488423487016125,0.007303960030990668,0.0,0.004244429681080343,0.0
4326,54.075,2.736412651504542,-0.5965734050662519,0.5965734050662519,0.4691852209432049,0.006845119971776993,0.0,0.005675921046436351,0.0
4327,54.0875,2.728955483941214,0.22755782561056037,0.22755782561056037,0.4193457853467157,0.005955267557779033,0.0,0.002165031563082895,0.0
4328,54.1,2.731799956761346,0.5317975749756343,0.5317975749756343,0.421789933200712,0.0059989063117499904,0.0,0.005059630587979037,0.0
4329,54.1125,2.738447426448541,0.529163553248857,0.529163553248857,0.385079229762367,0.005343459321164977,0.0,0.005034569968063998,0.0
4330,54.125,2.745061970864152,-0.8075733620096059,0.8075733620096059,0.36171101604877515,0.004926234263637946,0.0,0.007683417670056284,0.0
4331,54.1375,2.734967303839032,-0.36272739384720865,0.36272739384720865,0.2776392794904141,0.0034251852082042623,0.0,0.0034510624030042697,0.0
4332,54.15,2.7304332114159418,0.07754729802776694,0.07754729802776694,0.4337586986695155,0.006212601244638445,0.0,0.0007378008091413223,0.0
4333,54.1625,2.731402552641289,-0.028523205222477088,0.028523205222477088,0.4329226821683407,0.006197674685121689,0.0,0.0002713755917699714,0.0
4334,54.175,2.731046012576008,-0.04035785827543492,0.04035785827543492,0.553866288903313,0.008357048263949216,0.0,0.00038397289458318645,0.0
4335,54.1875,2.730541539347565,-0.2612076654462214,0.2612076654462214,0.6273792858656194,0.009669577529664677,0.0,0.002485183002135446,0.0
4336,54.2,2.727276443529487,-0.21410928123110295,0.21410928123110295,0.935195888740983,0.015165453312748151,0.0,0.0020370793690376063,0.0
4337,54.2125,2.7246000775140984,0.37470632978404694,0.37470632978404694,1.0346826598776275,0.016941728312600712,0.0,0.0035650324426010943,0.0
4338,54.225,2.729283906636399,0.47134320628057225,0.47134320628057225,1.0497164589498034,0.017210147531956366,0.0,0.004484455394597396,0.0
4339,54.2375,2.735175696714906,-1.0099878590811429,1.0099878590811429,1.03641883159865,0.016972726588937045,0.0,0.009609230477458547,0.0
4340,54.25,2.722550848476392,-0.01473444760673459,0.01473444760673459,0.9764926563638421,0.015902781653643377,0.0,0.00014018653960846773,0.0
4341,54.2625,2.7223666678813077,0.9775377799439511,0.9775377799439511,0.9796847978216962,0.015959775372534818,0.0,0.0093004938063814,0.0
4342,54.275,2.734585890130607,0.8344602899613562,0.8344602899613562,0.92574521781209,0.014996717406345388,0.0,0.00793922538615521,0.0
4343,54.2875,2.745016643755124,-1.9789194274568445,1.9789194274568445,0.9715599766595143,0.015814711696794107,0.0,0.018827843031750127,0.0
4344,54.3,2.7202801509119134,1.2702982464667656,1.2702982464667656,0.6902154765583475,0.010791478997952953,0.0,0.012085876593126363,0.0
4345,54.3125,2.736158878992748,-0.6253769534365716,0.6253769534365716,0.7150469370669837,0.011234829425425719,0.0,0.005949963880090643,0.0
4346,54.325,2.728341667074791,0.015466755458781734,0.015466755458781734,0.7065774908320532,0.011083612681351883,0.0,0.00014715386586640472,0.0
4347,54.3375,2.7285350015180256,0.23466312665803457,0.23466312665803457,0.7472806454529216,0.011810342427851324,0.0,0.0022326328463686397,0.0
4348,54.35,2.731468290601251,0.2239916631253891,0.2239916631253891,0.7469177974063901,0.011803863999549396,0.0,0.002131102365883185,0.0
4349,54.3625,2.7342681863903184,-0.3651785220544568,0.3651785220544568,0.7428882742979176,0.011731919347239017,0.0,0.003474382936673531,0.0
4350,54.375,2.7297034548646377,1.1797120899100122,1.1797120899100122,0.7664587022505448,0.012152754815409684,0.0,0.011224021424676212,0.0
4351,54.3875,2.744449855988513,0.41936979747994485,0.41936979747994485,0.6835432009685705,0.01067234962842131,0.0,0.003989969783335927,0.0
4352,54.4,2.749691978457012,-1.3757962712561067,1.3757962712561067,0.6680869775111767,0.010396388281944452,0.0,0.013089606317204133,0.0
4353,54.4125,2.732494525066311,-0.5429303460138968,0.5429303460138968,0.4789476309746381,0.007019421787777507,0.0,0.005165550042156203,0.0
4354,54.425,2.725707895741137,0.6882238884756475,0.6882238884756475,0.5123545400913377,0.007615881566383018,0.0,0.006547902437631092,0.0
4355,54.4375,2.7343106943470827,-0.22523198512633513,0.22523198512633513,0.5078333316555813,0.007535158175505992,0.0,0.0021429030423627976,0.0
4356,54.45,2.7314952945330035,-0.0463314278333371,0.0463314278333371,0.5083534717259445,0.007544444955977926,0.0,0.0004408066536614731,0.0
4357,54.4625,2.730916151685087,-0.6465005694505521,0.6465005694505521,0.5250618138969971,0.007842762110593988,0.0,0.006150938270991084,0.0
4358,54.475,2.722834894566955,0.6556672462141222,0.6556672462141222,0.5661776092888372,0.008576859303810445,0.0,0.00623815190325558,0.0
4359,54.4875,2.7310307351446315,0.09349995976283054,0.09349995976283054,0.5173315855459744,0.007704743646368088,0.0,0.0008895776864204425,0.0
4360,54.5,2.732199484641667,0.39651023892428583,0.39651023892428583,0.765853369320663,0.012141946968922639,0.0,0.003772479281049959,0.0
4361,54.5125,2.7371558626282204,-0.7481337399894983,0.7481337399894983,0.7831879462296565,0.01245144515892999,0.0,0.007117896983496875,0.0
4362,54.525,2.7278041908783517,-0.6608723511951098,0.6608723511951098,0.7449400244645691,0.01176855208227834,0.0,0.0062876743336214075,0.0
4363,54.5375,2.719543286488413,0.23443106220646825,0.23443106220646825,0.7092575367704492,0.011131463250271149,0.0,0.0022304249378470916,0.0
4364,54.55,2.7224736747659937,0.3745395183167588,0.3745395183167588,0.7044783900510051,0.011046134530267596,0.0,0.003563445364280259,0.0
4365,54.5625,2.727155418744953,0.8814195374948497,0.8814195374948497,0.6922809508564938,0.010828356768903988,0.0,0.00838600524448726,0.0
4366,54.575,2.7381731629636388,0.08061396222689865,0.08061396222689865,0.6465305985369278,0.010011512417326087,0.0,0.0007669776777754036,0.0
4367,54.5875,2.739180837491475,-1.5999804853953847,1.5999804853953847,0.8915140927366422,0.014385541759637238,0.0,0.015222540652704071,0.0
4368,54.6,2.7191810814240327,0.6099476831079187,0.6099476831079187,1.4510334638710671,0.02437541538327957,0.0,0.005803166655397343,0.0
4369,54.6125,2.7268054274628817,0.30351662285521996,0.30351662285521996,2.0254228551112052,0.0346307840537438,0.0,0.0028877190518003574,0.0
4370,54.625,2.730599385248572,0.1470957915966764,0.1470957915966764,2.104877861895759,0.03604940424366504,0.0,0.0013994993613117425,0.0
4371,54.6375,2.7324380826435304,-0.030105009427323637,0.030105009427323637,2.130343100408321,0.036504070386895474,0.0,0.00028642519958249694,0.0
4372,54.65,2.732061770025689,-0.06312490586346087,0.06312490586346087,2.158523489464619,0.0370072138701438,0.0,0.0006005832286555603,0.0
4373,54.6625,2.7312727087023956,0.5356226288009225,0.5356226288009225,2.160101452591639,0.037035387429514476,0.0,0.005096022930189286,0.0
4374,54.675,2.737967991562407,-1.7380630346837478,1.7380630346837478,2.153693076332278,0.03692096981992579,0.0,0.016536286188451457,0.0
4375,54.6875,2.7162422036288603,3.61186149228498,3.61186149228498,2.069582721004688,0.03541923125016249,0.0,0.03436398687366334,0.0
4376,54.7,2.7613904722824225,-4.043111822098666,4.043111822098666,1.682407290110677,0.02850645248976246,0.0,0.0384669904646469,0.0
4377,54.7125,2.710851574506189,1.6484862487402552,1.6484862487402552,0.8888573466098427,0.014338107194497846,0.0,0.015684034377876143,0.0
4378,54.725,2.7314576526154424,0.9404490776077523,0.9404490776077523,0.8048308550138626,0.012837865959989782,0.0,0.008947624328145666,0.0
4379,54.7375,2.7432132660855393,-0.9837691520361957,0.9837691520361957,0.7335513237367496,0.011565213847933159,0.0,0.009359780351350029,0.0
4380,54.75,2.730916151685087,0.24187145570369495,0.24187145570369495,0.6507458746904491,0.010086773575804035,0.0,0.0023012143590416,0.0
4381,54.7625,2.733939544881383,0.2563908206396448,0.2563908206396448,0.6457003854042789,0.009996689473378612,0.0,0.002439354558254295,0.0
4382,54.775,2.7371444301393786,-0.42319415030302565,0.42319415030302565,0.649318402309181,0.01006128693597386,0.0,0.004026355456068207,0.0
4383,54.7875,2.7318545032605908,-1.1933635847226753,1.1933635847226753,0.6589544759468224,0.010233333093505416,0.0,0.011353904530534586,0.0
4384,54.8,2.7169374584515573,0.15276762887438622,0.15276762887438622,0.5061923463669532,0.0075058593942709225,0.0,0.0014534623779382382,0.0
4385,54.8125,2.718847053812487,1.2565784865125451,1.2565784865125451,0.5171810515310863,0.007702055954283822,0.0,0.011955343998788594,0.0
4386,54.825,2.734554284893894,-0.08487156509698224,0.08487156509698224,0.2653488318593149,0.0032057468385125413,0.0,0.0008074853798158449,0.0
4387,54.8375,2.7334933903301817,0.22535069439346245,0.22535069439346245,0.2645368385504073,0.0031912491982918224,0.0,0.0021440324665409002,0.0
4388,54.85,2.7363102740101,-0.07856306613795994,0.07856306613795994,0.27169613803420134,0.003319074079371278,0.0,0.0007474650341067363,0.0
4389,54.8625,2.7353282356833755,-0.3212778421198337,0.3212778421198337,0.27041019139148403,0.00329611429440182,0.0,0.0030567029142693795,0.0
4390,54.875,2.7313122626568775,-0.5290994227881285,0.5290994227881285,0.27892585399615544,0.0034481562032811566,0.0,0.005033959817781274,0.0
4391,54.8875,2.724698519872026,0.013934365546930394,0.013934365546930394,0.4436935550180744,0.0063899819833784085,0.0,0.00013257439571543839,0.0
4392,54.9,2.7248726994413626,0.3366041247080176,0.3366041247080176,0.4673280192474139,0.006811960779813809,0.0,0.0032025202925955944,0.0
4393,54.9125,2.729080251000213,0.04959428209563299,0.04959428209563299,0.4519264235042066,0.0065369747775148755,0.0,0.000471850114569294,0.0
4394,54.925,2.729700179526408,0.06132759257578613,0.06132759257578613,0.45894238995495584,0.006662240535603992,0.0,0.0005834832234761141,0.0
4395,54.9375,2.7304667744336055,0.28547391341987804,0.28547391341987804,0.46206400261566993,0.006717975006278831,0.0,0.002716057034437347,0.0
4396,54.95,2.734035198351354,-0.024396656460083932,0.024396656460083932,0.45090630827888845,0.006518761248711003,0.0,0.00023211476523847004,0.0
4397,54.9625,2.733730240145603,0.37502417947383293,0.37502417947383293,0.49873790843270804,0.007372764998008271,0.0,0.0035680565293748907,0.0
4398,54.975,2.738418042389026,-1.1101625597593667,1.1101625597593667,0.5026849411341335,0.007443236834927302,0.0,0.010562313010255744,0.0
4399,54.9875,2.724541010392034,0.4152664458107225,0.4152664458107225,0.3142874688935053,0.004079516049207854,0.0,0.0039509296586798795,0.0
4400,55.0,2.729731840964668,0.006201150795490662,0.006201150795490662,0.278482480536354,0.00344024004334104,0.0,5.899901338770234e-05,0.0
4401,55.0125,2.7298093553496114,-0.23148346184271418,0.23148346184271418,0.28234177640061525,0.0035091453930915727,0.0,0.0022023808668257604,0.0
4402,55.025,2.7269158120765775,0.16358873841532784,0.16358873841532784,0.27039483332893444,0.0032958400856578697,0.0,0.0015564166210667982,0.0
4403,55.0375,2.728960671306769,-0.001485228304751729,0.001485228304751729,0.28914193982389486,0.0036305581210922936,0.0,1.4130765002451176e-05,0.0
4404,55.05,2.7289421059529597,0.6033069007922265,0.6033069007922265,0.3177219324899668,0.0041408362805773,0.0,0.0057399848980639705,0.0
4405,55.0625,2.7364834422128625,-0.4150473769000129,0.4150473769000129,0.24569931326134875,0.0028549167910003324,0.0,0.003948845392384472,0.0
4406,55.075,2.7312953500016124,0.03371370011048924,0.03371370011048924,0.3184704412643643,0.00415420044355035,0.0,0.0003207590187315147,0.0
4407,55.0875,2.7317167712529935,0.05150972640024065,0.05150972640024065,0.32243965458071844,0.0042250683016823425,0.0,0.0004900740423365599,0.0
4408,55.1,2.7323606428329965,-0.13173286664375894,0.13173286664375894,0.4579997913409604,0.006645411018133412,0.0,0.0012533333600542732,0.0
4409,55.1125,2.7307139819999495,-0.027504374672133736,0.027504374672133736,0.4706462122848214,0.006871205071991474,0.0,0.00026168223012438483,0.0
4410,55.125,2.730370177316548,-0.332684293481762,0.332684293481762,0.4731764778704168,0.006916381404998675,0.0,0.0031652262188627705,0.0
4411,55.1375,2.726211623648026,0.37249902827174,0.37249902827174,0.4609281207053868,0.006697694534644572,0.0,0.003544031725835749,0.0
4412,55.15,2.7308678615014226,-0.19835983907796617,0.19835983907796617,0.45012031460387714,0.006504727815933822,0.0,0.0018872359643073982,0.0
4413,55.1625,2.728388363512948,-0.7076061619628149,0.7076061619628149,0.4743137029741438,0.006936685858524266,0.0,0.006732309340586113,0.0
4414,55.175,2.719543286488413,-0.14658746423638291,0.14658746423638291,0.4032371434332705,0.00566765768175713,0.0,0.0013946630311329794,0.0
4415,55.1875,2.717710943185458,0.9214255673095195,0.9214255673095195,0.7702797052248825,0.012220976469204803,0.0,0.008766630771339615,0.0
4416,55.2,2.729228762776827,0.33362544014458706,0.33362544014458706,0.7097810212563579,0.011140809743221984,0.0,0.003174180480158946,0.0
4417,55.2125,2.7333990807786344,0.1409307177322816,0.1409307177322816,0.7000580197860645,0.01096721154279903,0.0,0.0013408435912043454,0.0
4418,55.225,2.735160714750288,-0.13837942443380769,0.13837942443380769,0.7124533839119672,0.01118852313186115,0.0,0.001316570066428577,0.0
4419,55.2375,2.7334309719448653,0.24491640892382094,0.24491640892382094,0.7109765329968736,0.011162154868734116,0.0,0.002330184664993485,0.0
4420,55.25,2.736492427056413,0.4671917758679456,0.4671917758679456,0.7338860535307785,0.011571190242161723,0.0,0.0044449578389709815,0.0
4421,55.2625,2.7423323242547624,-0.04147433627174735,0.04147433627174735,0.7452980968307218,0.011774945243749642,0.0,0.0003945952939448359,0.0
4422,55.275,2.7418138950513655,-1.8620775838208559,1.8620775838208559,0.7705094663898017,0.01222507871323705,0.0,0.017716185901603194,0.0
4423,55.2875,2.718537925253605,0.36426812504906536,0.36426812504906536,0.406795815328586,0.00573119557577165,0.0,0.0034657212338895464,0.0
4424,55.3,2.723091276816718,0.040533908770434834,0.040533908770434834,0.396587857916022,0.005548938785805146,0.0,0.00038564787489796357,0.0
4425,55.3125,2.7235979506763486,-0.3999127562946114,0.3999127562946114,0.4119205664863838,0.005822694850077767,0.0,0.003804851525251746,0.0
4426,55.325,2.718599041222666,-0.04828369190278181,0.04828369190278181,0.4039225468542599,0.005679895137527452,0.0,0.00045938089218075826,0.0
4427,55.3375,2.717995495073881,0.5699060625383368,0.5699060625383368,0.4042960261895879,0.0056865633809403725,0.0,0.005422202510844052,0.0
4428,55.35,2.7251193208556104,0.5944007604459856,0.5944007604459856,0.4245407415165336,0.006048020299317939,0.0,0.005655250062410124,0.0
4429,55.3625,2.732549330361185,0.5544770489601802,0.5544770489601802,0.37011142845931183,0.005076218451312436,0.0,0.00527540772892734,0.0
4430,55.375,2.7394802934731874,-0.20424717561947858,0.20424717561947858,0.44412039539667986,0.006397602955340632,0.0,0.0019432492848806026,0.0
4431,55.3875,2.736927203777944,-0.25900582299886565,0.25900582299886565,0.5324704405460782,0.007975038574586665,0.0,0.002464234224027418,0.0
4432,55.4,2.733689630990458,0.3175153384398399,0.3175153384398399,0.536208147779314,0.008041773034247097,0.0,0.0030209056868985094,0.0
4433,55.4125,2.737658572720956,-0.3282212344582547,0.3282212344582547,0.5350527673902685,0.008021144429288527,0.0,0.003122763765076049,0.0
4434,55.425,2.733555807290228,-0.06889222298230635,0.06889222298230635,0.5244577088357585,0.007831976186945016,0.0,0.0006554546599636528,0.0
4435,55.4375,2.732694654502949,-0.6775171108065692,0.6775171108065692,0.5346055120286427,0.008013158960383172,0.0,0.006446035971249327,0.0
4436,55.45,2.724225690617867,0.08540076211041026,0.08540076211041026,0.4779697383121423,0.007001962116817387,0.0,0.0008125202681308776,0.0
4437,55.4625,2.725293200144247,0.888554132775532,0.888554132775532,0.5686412759980805,0.008620846554915289,0.0,0.008453885239082281,0.0
4438,55.475,2.7364001268039413,-0.8555534257618191,0.8555534257618191,0.49400171697129647,0.007288203217670003,0.0,0.008139909782087831,0.0
4439,55.4875,2.7257057089819186,-0.31470506488460614,0.31470506488460614,0.3944787383139798,0.00551128175484511,0.0,0.0029941681711411258,0.0
4440,55.5,2.721771895670861,-0.30151994846288943,0.30151994846288943,1.1049138743160145,0.018195663373422495,0.0,0.002868722284411689,0.0
4441,55.5125,2.718002896315075,0.133882689215028,0.133882689215028,1.6545635799537501,0.028009320200817638,0.0,0.0012737872104518029,0.0
4442,55.525,2.7196764299302627,0.3012033523397051,0.3012033523397051,1.686392392866176,0.028577604044040104,0.0,0.0028657101243262043,0.0
4443,55.5375,2.723441471834509,-0.015670783064187788,0.015670783064187788,1.6902061372858996,0.02864569610081495,0.0,0.00014909502611549363,0.0
4444,55.55,2.7232455870462067,0.8754861109014911,0.8754861109014911,1.6963671716112274,0.02875569757257125,0.0,0.008329553413760765,0.0
4445,55.5625,2.7341891634324753,-0.39370904445718224,0.39370904445718224,1.7017030634967207,0.02885096663447597,0.0,0.0037458281455887183,0.0
4446,55.575,2.7292678003767605,-0.15677338174061362,0.15677338174061362,1.7616069851808702,0.029920514246334164,0.0,0.0014915739276773988,0.0
4447,55.5875,2.727308133105003,2.9361213931406027,2.9361213931406027,1.767515000754911,0.030025998224183784,0.0,0.02793485775378812,0.0
4448,55.6,2.7640096505192604,-3.4964098791400033,3.4964098791400033,1.4494247980707977,0.024346693646595485,0.0,0.033265556679944214,0.0
4449,55.6125,2.7203045270300104,0.9320052979096971,0.9320052979096971,0.7573607710564462,0.011990316859631022,0.0,0.008867288485996718,0.0
4450,55.625,2.7319545932538816,0.4401628447254424,0.4401628447254424,0.6981649731762413,0.01093341236198165,0.0,0.0041877990755538035,0.0
4451,55.6375,2.7374566288129496,-0.40885685594432175,0.40885685594432175,0.7023114727505919,0.011007445557015213,0.0,0.0038899475134605687,0.0
4452,55.65,2.7323459181136456,0.9547407048681933,0.9547407048681933,0.6898440327550803,0.010784847097710786,0.0,0.009083597784666666,0.0
4453,55.6625,2.744280176924498,-1.347120500578427,1.347120500578427,0.609887045491796,0.009357264355637164,0.0,0.01281677918657777,0.0
4454,55.675,2.7274411706672677,-0.4374685754053331,0.4374685754053331,0.410975214235343,0.005805816168114395,0.0,0.004162165247748358,0.0
4455,55.6875,2.721972813474701,0.6592363568625714,0.6592363568625714,0.3863577620546564,0.005366286727475898,0.0,0.006272109149881991,0.0
4456,55.7,2.730213267935483,-0.08358696745872862,0.08358696745872862,0.41099568608235365,0.0058061816803290376,0.0,0.0007952634558929097,0.0
4457,55.7125,2.729168430842249,-0.42349240041762215,0.42349240041762215,0.41759533211184563,0.005924014293812509,0.0,0.004029193068486334,0.0
4458,55.725,2.7238747758370287,-0.49010195854759075,0.49010195854759075,0.3946873495998814,0.005515006380819002,0.0,0.0046629299894973,0.0
4459,55.7375,2.717748501355184,-0.1682587496036092,0.1682587496036092,0.3551643547548641,0.0048093476599617175,0.0,0.001600848059956897,0.0
4460,55.75,2.7156452669851388,0.2831062757686098,0.2831062757686098,0.3552247479906047,0.0048104259439745636,0.0,0.002693530846945506,0.0
4461,55.7625,2.7191840954322464,0.4361662420858181,0.4361662420858181,0.34156023848435624,0.004566454546130527,0.0,0.004149774582936725,0.0
4462,55.775,2.724636173458319,0.1853437431907068,0.1853437431907068,0.3609405908364339,0.004912478796169229,0.0,0.0017633981734143818,0.0
4463,55.7875,2.726952970248203,0.7692552525896801,0.7692552525896801,0.3758113627707695,0.005177987266427944,0.0,0.007318851362089446,0.0
4464,55.8,2.736568660905574,-0.22524218191833256,0.22524218191833256,0.26067442202965185,0.0031222881311423786,0.0,0.002143000056721488,0.0
4465,55.8125,2.733753133631595,0.17459597209583677,0.17459597209583677,0.263293428807155,0.003169048883453193,0.0,0.0016611416872190606,0.0
4466,55.825,2.7359355832827927,-0.05575705700863409,0.05575705700863409,0.2627782447833106,0.003159850590138181,0.0,0.0005304840119842622,0.0
4467,55.8375,2.735238620070185,-0.16927559892248922,0.16927559892248922,0.2982850475553809,0.003793802676110476,0.0,0.001610522571762271,0.0
4468,55.85,2.7331226750836537,0.06308219089081746,0.06308219089081746,0.5016933815027084,0.007425533148657855,0.0,0.0006001768296941487,0.0
4469,55.8625,2.733911202469789,-0.546954019579502,0.546954019579502,0.5249541490759881,0.007840839821552571,0.0,0.005203832093084155,0.0
4470,55.875,2.727074277225045,-0.34928622265141485,0.34928622265141485,0.5010453840973078,0.007413963554248147,0.0,0.0033231803589321113,0.0
4471,55.8875,2.7227081994419025,0.07409072100994507,0.07409072100994507,0.5244840687085731,0.00783244682623248,0.0,0.0007049142304278369,0.0
4472,55.9,2.7236343334545268,0.24841949065162794,0.24841949065162794,0.5393770204735682,0.008098351303701514,0.0,0.0023635136990023654,0.0
4473,55.9125,2.726739577087672,-0.16827229034824143,0.16827229034824143,0.647945400536254,0.010036772835293544,0.0,0.0016009768893629514,0.0
4474,55.925,2.724636173458319,0.40308976508466543,0.40308976508466543,0.6455971301939547,0.009994845915218991,0.0,0.003835078234828547,0.0
4475,55.9375,2.7296747955218774,-1.153443741141551,1.153443741141551,0.664230647311844,0.010327535882313926,0.0,0.010974098997085794,0.0
4476,55.95,2.715256748757608,0.44161548831009867,0.44161548831009867,0.5289835565418215,0.007912782409134879,0.0,0.00420161982288364,0.0
4477,55.9625,2.7207769423614843,-0.32080468493955294,0.32080468493955294,0.6078223834013535,0.009320401086154239,0.0,0.003052201200356186,0.0
4478,55.975,2.71676688379974,0.5606222940314964,0.5606222940314964,0.5971468906649894,0.009129796741053258,0.0,0.005333874843853322,0.0
4479,55.9875,2.7237746624751336,-0.36365050532968013,0.36365050532968013,0.5749905492808426,0.008734208917273114,0.0,0.0034598450739163015,0.0
4480,56.0,2.7192290311585126,1.045446133583532,1.045446133583532,0.6010074050938423,0.009198723847523758,0.0,0.009946587732759051,0.0
4481,56.0125,2.7322971078283067,0.06336294822457234,0.06336294822457234,0.6505648725232079,0.010083541893632461,0.0,0.0006028480122277108,0.0
4482,56.025,2.733089144681114,0.5981094759533079,0.5981094759533079,0.7568683536331396,0.01198152504994097,0.0,0.005690535538136146,0.0
4483,56.0375,2.74056551313053,0.1985005442944754,0.1985005442944754,0.7386939919495381,0.01165703302021654,0.0,0.0018885746624339754,0.0
4484,56.05,2.743046769934211,-0.9549972842327392,0.9549972842327392,0.7374886008010372,0.01163551150396203,0.0,0.009086038933070098,0.0
4485,56.0625,2.731109303881302,0.0025534322916698216,0.0025534322916698216,0.7484692270425131,0.011831563819788718,0.0,2.4293875593279972e-05,0.0
4486,56.075,2.731141221784948,0.3263972095721712,0.3263972095721712,0.7577515462083844,0.0119972939091927,0.0,0.003105409620301535,0.0
4487,56.0875,2.7352211869046,-0.6140096446712562,0.6140096446712562,0.7492351711699332,0.01184523928024719,0.0,0.0058418129861445255,0.0
4488,56.1,2.727546066346209,-1.2606171652380382,1.2606171652380382,0.7173584512790667,0.011276100087442559,0.0,0.011993768811868009,0.0
4489,56.1125,2.7117883517807337,1.0958719241632764,1.0958719241632764,0.5751073065931952,0.008736293547145129,0.0,0.010426348988631626,0.0
4490,56.125,2.7254867508327747,-0.3745501532681317,0.3745501532681317,0.5061501882418087,0.007505106686922203,0.0,0.0035635465473766097,0.0
4491,56.1375,2.720804873916923,-0.15864251207737823,0.15864251207737823,0.4983015008742334,0.007364973209944304,0.0,0.0015093572149089119,0.0
4492,56.15,2.718821842515956,1.0210552350568847,1.0210552350568847,0.6127509267966108,0.009408397191753643,0.0,0.009714527749673624,0.0
4493,56.1625,2.731585032954167,0.33444924223132944,0.33444924223132944,0.5066716610197343,0.007514417262066518,0.0,0.0031820183012259444,0.0
4494,56.175,2.7357656484820585,0.06215002744355047,0.06215002744355047,0.6168663983482301,0.009481876400559258,0.0,0.0005913080365429123,0.0
4495,56.1875,2.736542523825103,-0.054829654175634346,0.054829654175634346,0.6563922255959026,0.010187585692220762,0.0,0.0005216605122880876,0.0
4496,56.2,2.7358571531479075,-0.3439735005720834,0.3439735005720834,0.6799529917718194,0.010608248655321372,0.0,0.003272634037544225,0.0
4497,56.2125,2.7315574843907564,0.7774651541079081,0.7774651541079081,0.684335649090712,0.01068649830137509,0.0,0.007396962039536264,0.0
4498,56.225,2.7412757988171053,-0.2778827073488799,0.2778827073488799,0.6268779616881953,0.009660626695367753,0.0,0.0026438327516578814,0.0
4499,56.2375,2.7378022649752443,-1.0210004636487469,1.0210004636487469,0.6193067377603347,0.009525447157146812,0.0,0.009714006643326018,0.0
4500,56.25,2.725039759179635,0.3042590727656247,0.3042590727656247,0.5055049014367403,0.007493585488611291,0.0,0.0028947828716699726,0.0
4501,56.2625,2.7288429975892052,-1.049914351875465,1.049914351875465,0.49482403815466053,0.007302885255725621,0.0,0.009989099272877803,0.0
4502,56.275,2.715719068190762,0.6375542558906133,0.6375542558906133,0.38508232205967746,0.005343514532228135,0.0,0.006065821219188822,0.0
4503,56.2875,2.7236884963893946,0.5048651587807029,0.5048651587807029,0.3451608706664081,0.004630741615210886,0.0,0.004803390087457197,0.0
4504,56.3,2.7299993108741534,0.40761678801477075,0.40761678801477075,0.2960135003437409,0.003753245600260874,0.0,0.003878149254268026,0.0
4505,56.3125,2.735094520724338,0.04168514991643946,0.04168514991643946,0.2759793497641025,0.0033955481857069728,0.0,0.00039660101795569927,0.0
4506,56.325,2.7356155850982935,-0.04168514991643946,0.04168514991643946,0.2761367167097849,0.00339835787556046,0.0,0.00039660101795569927,0.0
4507,56.3375,2.735094520724338,-0.13563519565629178,0.13563519565629178,0.32319399404080074,0.004238536567955716,0.0,0.0012904609141561772,0.0
4508,56.35,2.7333990807786344,-0.08425301319910261,0.08425301319910261,0.3246411989405312,0.004264375519744839,0.0,0.0008016003509062873,0.0
4509,56.3625,2.7323459181136456,-0.5743001606229825,0.5743001606229825,0.32327943645408636,0.004240062089599572,0.0,0.00546400885619392,0.0
4510,56.375,2.7251671661058583,0.4162408968551645,0.4162408968551645,0.28258070823017795,0.003513411373690524,0.0,0.003960200784655159,0.0
4511,56.3875,2.730370177316548,0.05284462624668862,0.05284462624668862,0.24393227249210434,0.0028233673668279667,0.0,0.0005027745517273486,0.0
4512,56.4,2.7310307351446315,0.27290349714721884,0.27290349714721884,0.24358097065484066,0.0028170950889783147,0.0,0.0025964595302936135,0.0
4513,56.4125,2.7344420288589717,0.0493227156176701,0.0493227156176701,0.23397106669678572,0.002645516174951325,0.0,0.000469266375712204,0.0
4514,56.425,2.7350585628041926,-0.4768234720248543,0.4768234720248543,0.26431412108903585,0.003187272715246439,0.0,0.004536595760584009,0.0
4515,56.4375,2.729098269403882,0.16092640685954507,0.16092640685954507,0.2584756491152792,0.0030830303955305884,0.0,0.0015310866556648357,0.0
4516,56.45,2.731109849489626,-0.006329147599579699,0.006329147599579699,0.252709013001528,0.002980070660833456,0.0,6.0216801086644225e-05,0.0
4517,56.4625,2.7310307351446315,0.3640862199122097,0.3640862199122097,0.3161088563874307,0.004112035800663654,0.0,0.003463990551318104,0.0
4518,56.475,2.735581812893534,-0.10229985048443524,0.10229985048443524,0.3490428469068254,0.004700051909103167,0.0,0.0009733016414759804,0.0
4519,56.4875,2.7343030647624786,-0.03771525074938609,0.03771525074938609,0.3471645618141339,0.004666516286078864,0.0,0.0003588305876228117,0.0
4520,56.5,2.7338316241281113,-0.1943257189457981,0.1943257189457981,0.3480444691714763,0.004682226489789132,0.0,0.0018488545226145983,0.0
4521,56.5125,2.731402552641289,-0.3512672582558807,0.3512672582558807,0.3447763161210705,0.004623875630747237,0.0,0.0033420283357035174,0.0
4522,56.525,2.7270117119130903,0.45049114985957317,0.45049114985957317,0.357427186572729,0.004849749127825457,0.0,0.0042860646770489265,0.0
4523,56.5375,2.732642851286335,0.04811217057934414,0.04811217057934414,0.33807237661873485,0.0045041809215665835,0.0,0.00045774900332794493,0.0
4524,56.55,2.733244253418577,-0.5371627023390957,0.5371627023390957,0.3700171462795983,0.005074535101085634,0.0,0.005110675503928148,0.0
4525,56.5625,2.726529719639338,0.5548040867297033,0.5548040867297033,0.31875230314990655,0.004159232913847455,0.0,0.005278519232965656,0.0
4526,56.575,2.7334647707234594,-0.0019625063979944457,0.0019625063979944457,0.2543198990141896,0.0030088320380418183,0.0,1.8671686122021535e-05,0.0
4527,56.5875,2.7334402393934845,-0.07947450200617823,0.07947450200617823,0.2788194268569505,0.003446256012285754,0.0,0.0007561366208435315,0.0
4528,56.6,2.7324468081184072,0.1401732147776258,0.1401732147776258,0.2889409531042782,0.003626969627051542,0.0,0.0013336365536016697,0.0
4529,56.6125,2.7341989733031276,-0.440972301929321,0.440972301929321,0.40239139820749364,0.00565255742185696,0.0,0.004195500416479609,0.0
4530,56.625,2.728686819529011,-0.3086295208701628,0.3086295208701628,0.3880042827245692,0.00539568433953318,0.0,0.0029363642062857033,0.0
4531,56.6375,2.724828950518134,0.42810376618749757,0.42810376618749757,0.37341186552858485,0.005135145721619402,0.0,0.004073066542905035,0.0
4532,56.65,2.7301802475954777,-0.0778877818660817,0.0778877818660817,0.3446341150190094,0.004621336717687171,0.0,0.0007410402418204367,0.0
4533,56.6625,2.7292066503221517,-0.11141012890092838,0.11141012890092838,0.3548236780466579,0.004803265087244712,0.0,0.001059978688363992,0.0
4534,56.675,2.72781402371089,0.32326018235682596,0.32326018235682596,0.35830772713133197,0.004865470636954087,0.0,0.003075563303580721,0.0
4535,56.6875,2.7318547759903504,0.22866790149230098,0.22866790149230098,0.33961686571666555,0.004531756822772896,0.0,0.0021755930514208025,0.0
4536,56.7,2.734713124759004,-0.804427892297177,0.804427892297177,0.3374694696253003,0.004493416388680064,0.0,0.007653491029696376,0.0
4537,56.7125,2.7246577761052895,0.3216900053757499,0.3216900053757499,0.18381621469910525,0.0017500321954539689,0.0,0.00306062431954651,0.0
4538,56.725,2.7286789011724863,0.07978072694573513,0.07978072694573513,0.1457392797319322,0.0010701919827255362,0.0,0.0007590501073727904,0.0
4539,56.7375,2.729676160259308,-0.1340255571266269,0.1340255571266269,0.33937120110002605,0.004527370632409097,0.0,0.0012751464849005433,0.0
4540,56.75,2.728000840795225,0.2511650069277138,0.2511650069277138,0.7062950374379643,0.011078569650034134,0.0,0.002389635100798744,0.0
4541,56.7625,2.7311404033818216,0.17969111101393764,0.17969111101393764,0.7332897842891519,0.011560544222243882,0.0,0.0017096178780350996,0.0
4542,56.775,2.733386542269496,0.01177500551563071,0.01177500551563071,0.9046261952429795,0.014619650270863536,0.0,0.00011202980397802057,0.0
4543,56.7875,2.7335337298384412,-0.2016363776024832,0.2016363776024832,0.9108422907716768,0.014730634826480028,0.0,0.0019184096200768846,0.0
4544,56.8,2.73101327511841,0.07953802086227313,0.07953802086227313,0.9283169801561693,0.015042634638407085,0.0,0.0007567409521950347,0.0
4545,56.8125,2.7320075003791886,0.05564849074726652,0.05564849074726652,0.932739665359619,0.015121598957676381,0.0,0.0005294510904316149,0.0
4546,56.825,2.7327031065135294,-0.8705331471152178,0.8705331471152178,0.9331528012192831,0.01512897524389695,0.0,0.00828242990614543,0.0
4547,56.8375,2.721821442174589,1.7571003933043983,1.7571003933043983,0.8828694267413556,0.01423119657470393,0.0,0.016717411501021344,0.0
4548,56.85,2.743785197090894,0.6115338775339296,0.6115338775339296,0.8625917807989455,0.013869151700477454,0.0,0.005818258032669409,0.0
4549,56.8625,2.7514293705600683,-1.5090944497920233,1.5090944497920233,0.8403231612954881,0.013471559220057201,0.0,0.014357832373844416,0.0
4550,56.875,2.732565689937668,-0.30069861167312695,0.30069861167312695,0.6794762032399866,0.010599735889858838,0.0,0.0028609079186829524,0.0
4551,56.8875,2.728806957291754,-0.5456804235788937,0.5456804235788937,0.6787381302509736,0.01058655805140382,0.0,0.005191714840985552,0.0
4552,56.9,2.7219859519970178,-0.2686507738197008,0.2686507738197008,0.6634381053092875,0.010313385533183178,0.0,0.0025559982532163197,0.0
4553,56.9125,2.7186278173242715,-0.09624807129608115,0.09624807129608115,0.6568171630225073,0.010195172688147519,0.0,0.0009157237800227869,0.0
4554,56.925,2.7174247164330705,0.1652336353048156,0.1652336353048156,0.6559793649472552,0.01018021431972333,0.0,0.0015720665055486995,0.0
4555,56.9375,2.7194901368743807,1.674589811616194,1.674589811616194,0.668490254151299,0.01040358853787486,0.0,0.01593238899887716,0.0
4556,56.95,2.740422509519583,-0.26570879592828334,0.26570879592828334,0.31089121082482646,0.004018877953996624,0.0,0.0025280076755434975,0.0
4557,56.9625,2.7371011495704796,-0.5672082697487468,0.5672082697487468,0.302272344787653,0.0038649934114187764,0.0,0.00539653516003136,0.0
4558,56.975,2.7300110461986202,-0.28705394015659635,0.28705394015659635,0.22623346810625478,0.002507366119640181,0.0,0.0027310897310555875,0.0
4559,56.9875,2.7264228719466628,0.3653552868586374,0.3653552868586374,0.4614934256897181,0.006707787706827038,0.0,0.0034760647130715363,0.0
4560,57.0,2.7309898130323957,0.047355747173760676,0.047355747173760676,0.44311136147220004,0.006379587276335481,0.0,0.0004505522367753169,0.0
4561,57.0125,2.7315817598720677,-0.021559777215216513,0.021559777215216513,0.4924111104940746,0.007259803919071678,0.0,0.0002051241175237043,0.0
4562,57.025,2.7313122626568775,-0.3998305835042615,0.3998305835042615,0.4939908072459963,0.007288008431246797,0.0,0.0038040697165652865,0.0
4563,57.0375,2.7263143803630743,-0.049437210192593284,0.049437210192593284,0.6462859297902422,0.010007144007606706,0.0,0.00047035570044909385,0.0
4564,57.05,2.725696415235667,0.16829428949328928,0.16829428949328928,0.646074748509346,0.010003373495955687,0.0,0.0016011861937156435,0.0
4565,57.0625,2.727800093854333,-0.01514313755571095,0.01514313755571095,0.7258204045580937,0.011427183049405524,0.0,0.00014407489913499457,0.0
4566,57.075,2.7276108046348866,1.173352787300992,1.173352787300992,0.7675960155296487,0.012173060843252299,0.0,0.01116351772267966,0.0
4567,57.0875,2.742277714476149,0.021364908679437633,0.021364908679437633,0.6814225112383349,0.010634486019951315,0.0,0.00020327009853103272,0.0
4568,57.1,2.742544775834642,-0.6092706716792406,0.6092706716792406,0.7909074566622912,0.012589272261326915,0.0,0.0057967254305889985,0.0
4569,57.1125,2.7349288924386514,0.11371258170456144,0.11371258170456144,0.7714446180505015,0.01224177526994498,0.0,0.0010818846939210382,0.0
4570,57.125,2.7363502997099585,-1.2446417873089644,1.2446417873089644,0.7704304337636803,0.012223667634393622,0.0,0.011841775808086126,0.0
4571,57.1375,2.7207922773685964,0.016144927508072726,0.016144927508072726,0.6326182642736747,0.009763116261143,0.0,0.000153606133055969,0.0
4572,57.15,2.7209940889624473,0.9505495252577489,0.9505495252577489,0.6534338865108622,0.010134766370638537,0.0,0.009043722047065399,0.0
4573,57.1625,2.732875958028169,-0.7066373763734646,0.7066373763734646,0.5826130136363125,0.008870303321757221,0.0,0.006723092116906041,0.0
4574,57.175,2.724042990823501,-0.6146712369957896,0.6146712369957896,0.5419601326746677,0.008144471180467091,0.0,0.005848107510451325,0.0
4575,57.1875,2.7163596003610535,1.1357993611444428,1.1357993611444428,0.4997153505036354,0.007390216623933569,0.0,0.010806226767237087,0.0
4576,57.2,2.730557092375359,0.3576986176783947,0.3576986176783947,0.2975573357343855,0.0037808098299263746,0.0,0.003403217600919573,0.0
4577,57.2125,2.735028325096339,-0.020508233458400582,0.020508233458400582,0.272270637678862,0.0033293314165486333,0.0,0.00019511951575990717,0.0
4578,57.225,2.734771972178109,0.04770428599620402,0.04770428599620402,0.2837347418490378,0.0035340159328972414,0.0,0.0004538683062162378,0.0
4579,57.2375,2.7353682757530615,-0.4630555740606823,0.4630555740606823,0.2888452296311805,0.003625260543419418,0.0,0.004405605171401855,0.0
4580,57.25,2.729580081077303,-0.45082262244623195,0.45082262244623195,0.25766692308820005,0.0030685910906137794,0.0,0.004289218374841949,0.0
4581,57.2625,2.723944798296725,0.3655123468377397,0.3655123468377397,0.26005922248491553,0.003111304122326424,0.0,0.0034775590137449642,0.0
4582,57.275,2.728513702632197,-0.16055497049844547,0.16055497049844547,0.2436843409048154,0.002818940701100015,0.0,0.001527552734371206,0.0
4583,57.2875,2.7265067655009663,0.02529191450090451,0.02529191450090451,0.3058258589785736,0.003928439217799245,0.0,0.00024063243282594922,0.0
4584,57.3,2.7268229144322276,0.1125866680859744,0.1125866680859744,0.3822452503510083,0.005292860364932099,0.0,0.001071172522124681,0.0
4585,57.3125,2.7282302477833023,0.22674526755871227,0.22674526755871227,0.3843888791230048,0.0053311335358588365,0.0,0.002157300720057092,0.0
4586,57.325,2.731064563627786,0.16026541264665184,0.16026541264665184,0.3897088584215203,0.005426118488327614,0.0,0.0015247978219141648,0.0
4587,57.3375,2.7330678812858693,0.2794742872843159,0.2794742872843159,0.4083185128521635,0.005758382401844768,0.0,0.002658975367764987,0.0
4588,57.35,2.7365613098769233,0.46168115022712897,0.46168115022712897,0.4158144798363463,0.005892218273705924,0.0,0.004392528622736863,0.0
4589,57.3625,2.7423323242547624,-0.2600179726728058,0.2600179726728058,0.39062851616119193,0.005442538410622167,0.0,0.0024738640224523456,0.0
4590,57.375,2.7390820995963523,-0.5467696797499855,0.5467696797499855,0.3798645890489477,0.005250355124228704,0.0,0.005202078246350185,0.0
4591,57.3875,2.7322474785994775,-0.6490727879879898,0.6490727879879898,0.3293089456342857,0.004347715260928847,0.0,0.006175410882758038,0.0
4592,57.4,2.7241340687496276,0.16069470946792563,0.16069470946792563,0.24240993518780557,0.0027961869722481205,0.0,0.0015288822394264835,0.0
4593,57.4125,2.7261427526179767,0.29044601541489357,0.29044601541489357,0.25430114507683893,0.003008497198045664,0.0,0.0027633626268738767,0.0
4594,57.425,2.729773327810663,0.380122495171733,0.380122495171733,0.40995514074810097,0.005787603384518154,0.0,0.003616562944721841,0.0
4595,57.4375,2.7345248590003095,-0.3571096006595553,0.3571096006595553,0.5002995757182696,0.007400647605170388,0.0,0.0033976135728728176,0.0
4596,57.45,2.730060988992065,-0.22508028000878255,0.22508028000878255,0.5510913088329962,0.008307502704598187,0.0,0.002141459688934273,0.0
4597,57.4625,2.7272474854919553,0.035511872847351356,0.035511872847351356,0.5739647246878148,0.008715893451226612,0.0,0.00033786720088581357,0.0
4598,57.475,2.727691383902547,-0.11016028315783188,0.11016028315783188,0.5920359222969306,0.009038543549965663,0.0,0.0010480874010592009,0.0
4599,57.4875,2.7263143803630743,0.15440545369393988,0.15440545369393988,0.5908891181877153,0.009018068069199185,0.0,0.0014690449773044438,0.0
4600,57.5,2.7282444485342485,0.2703234272645716,0.2703234272645716,0.6118748475296882,0.009392755336239143,0.0,0.0025719122192270605,0.0
4601,57.5125,2.7316234913750557,0.9547314010639951,0.9547314010639951,0.6045293713022699,0.00926160638411511,0.0,0.009083509266376022,0.0
4602,57.525,2.7435576338883556,-0.8957592844287277,0.8957592844287277,0.5022592960016596,0.007435637203348308,0.0,0.008522436521395307,0.0
4603,57.5375,2.7323606428329965,-0.7448107065169651,0.7448107065169651,0.4159748258725731,0.005895081153385514,0.0,0.007086280965309359,0.0
4604,57.55,2.7230505090015344,0.5064900083579005,0.5064900083579005,0.34988531354063745,0.00471509363176391,0.0,0.0048188492377213375,0.0
4605,57.5625,2.729381634106008,-0.4121035281883323,0.4121035281883323,0.3377363198597745,0.00449818083519678,0.0,0.003920837015346114,0.0
4606,57.575,2.724230340003654,0.03581370696874586,0.03581370696874586,0.3720926697777445,0.005111592294310852,0.0,0.0003407389122755719,0.0
4607,57.5875,2.7246780113407634,0.4751505829787206,0.4751505829787206,0.4151289937616473,0.005879979342204544,0.0,0.004520679553014802,0.0
4608,57.6,2.7306173936279974,-0.03992754874985849,0.03992754874985849,0.38789111008398214,0.005393663711766841,0.0,0.00037987884199559233,0.0
4609,57.6125,2.730118299268624,0.07733799455209578,0.07733799455209578,0.3911764732707153,0.005452321847188833,0.0,0.000735809453186522,0.0
4610,57.625,2.7310850242005253,0.41054833863668705,0.41054833863668705,0.4646285971894631,0.006763764262218492,0.0,0.0039060406247721814,0.0
4611,57.6375,2.736216878433484,-0.3870664071138208,0.3870664071138208,0.4531791308432326,0.006559341095197329,0.0,0.003682628739143769,0.0
4612,57.65,2.731378548344561,-0.43554660087565367,0.43554660087565367,0.5469683139531731,0.008233889171402995,0.0,0.004143879190087926,0.0
4613,57.6625,2.7259342158336155,-0.6040913698642925,0.6040913698642925,0.531761551676996,0.00796238180061121,0.0,0.005747448496807403,0.0
4614,57.675,2.718383073710312,0.5218387050427253,0.5218387050427253,0.4942953248383789,0.007293445405230218,0.0,0.004964879868334331,0.0
4615,57.6875,2.724906057523346,0.22536089072868748,0.22536089072868748,0.5693237278446139,0.008633031312142315,0.0,0.002144129476553765,0.0
4616,57.7,2.7277230686574545,0.14856099358787844,0.14856099358787844,0.6086035475528211,0.00933434829076426,0.0,0.0014134395918827323,0.0
4617,57.7125,2.729580081077303,0.7133489791730341,0.7133489791730341,0.6679638989071124,0.010394190789303788,0.0,0.0067869476747667995,0.0
4618,57.725,2.738496943316966,0.290659024979405,0.290659024979405,0.6207394486149157,0.009551027326690298,0.0,0.002765389243313757,0.0
4619,57.7375,2.7421301811292085,-0.9488121511719783,0.9488121511719783,0.6197465598752241,0.009533299910011684,0.0,0.009027192315677416,0.0
4620,57.75,2.7302700292395587,-0.24180349980827742,0.24180349980827742,0.529586118197743,0.007923540776232883,0.0,0.002300567812793051,0.0
4621,57.7625,2.7272474854919553,0.2395548907155387,0.2395548907155387,0.535529267523514,0.008029652045571982,0.0,0.0022791740872828326,0.0
4622,57.775,2.7302419216258995,-0.9543210914148048,0.9543210914148048,0.5676409430011999,0.008602986225611346,0.0,0.009079605496691323,0.0
4623,57.7875,2.7183129079832145,0.6487971170758655,0.6487971170758655,0.45888915982742545,0.00666129014447469,0.0,0.00617278809347724,0.0
4624,57.8,2.7264228719466628,0.7926476556518125,0.7926476556518125,0.40958968252737366,0.005781078353164218,0.0,0.0075414114556831835,0.0
4625,57.8125,2.7363309676423104,-0.148325010283763,0.148325010283763,0.38833775136798854,0.005401638216694666,0.0,0.0014111943985987848,0.0
4626,57.825,2.7344769050137634,-0.2731837332005327,0.2731837332005327,0.39864022160955165,0.0055855824749888525,0.0,0.002599125753258745,0.0
4627,57.8375,2.7310621083487567,-0.26692651253899413,0.26692651253899413,0.3868855341282146,0.0053757097726624195,0.0,0.0025395932797300617,0.0
4628,57.85,2.7277255269420193,0.3303181054857163,0.3303181054857163,0.49088422618755106,0.007232542340568745,0.0,0.0031427138236863727,0.0
4629,57.8625,2.7318545032605908,-0.5837668164960164,0.5837668164960164,0.5994640032897497,0.009171167359278986,0.0,0.005554076550886338,0.0
4630,57.875,2.7245574180543906,-0.13278897622083008,0.13278897622083008,0.5997758868452544,0.009176735847995412,0.0,0.0012633814019631735,0.0
4631,57.8875,2.72289755585163,-0.2800237049465437,0.2800237049465437,0.6451478778451732,0.009986824791338413,0.0,0.002664202639456685,0.0
4632,57.9,2.7193972595397984,0.7018762817246937,0.7018762817246937,0.6804924429047929,0.010617880222917701,0.0,0.006677794091396451,0.0
4633,57.9125,2.728170713061357,0.2947250343194696,0.2947250343194696,0.6398357243039378,0.009891979562944029,0.0,0.0028040740854342614,0.0
4634,57.925,2.7318547759903504,0.027576692105313327,0.027576692105313327,0.6475445278973205,0.010029615501323134,0.0,0.00026237027293273414,0.0
4635,57.9375,2.732199484641667,0.8952904663363981,0.8952904663363981,0.6509459756025863,0.010090346254298029,0.0,0.008517976090449833,0.0
4636,57.95,2.743390615470872,-1.0277296300949246,1.0277296300949246,0.5689815514536144,0.008626921963513064,0.0,0.009778029305302699,0.0
4637,57.9625,2.7305439950946853,-0.5863240415065718,0.5863240415065718,0.4450342647274792,0.006413919529161299,0.0,0.005578406511180617,0.0
4638,57.975,2.723214944575853,0.6852081953557843,0.6852081953557843,0.4994926509895545,0.007386240461326,0.0,0.006519210518240679,0.0
4639,57.9875,2.7317800470178004,-0.6732360060418685,0.6732360060418685,0.4395058321542677,0.006315212771911348,0.0,0.006405304667390308,0.0
4640,58.0,2.723364596942277,0.25137348469513654,0.25137348469513654,0.3876497499841059,0.00538935437589762,0.0,0.002391618600796866,0.0
4641,58.0125,2.7265067655009663,0.4077451875477678,0.4077451875477678,0.415127498393406,0.005879952643325967,0.0,0.003879370873611935,0.0
4642,58.025,2.7316035803453134,-0.1899854054789074,0.1899854054789074,0.4997580779912011,0.007390979496897505,0.0,0.0018075598950873788,0.0
4643,58.0375,2.729228762776827,0.04024625502726309,0.04024625502726309,0.5555681770780163,0.008387434428689833,0.0,0.00038291107851869257,0.0
4644,58.05,2.729731840964668,-0.22528231104722352,0.22528231104722352,0.5662604491298069,0.008578338358129175,0.0,0.0021433818534380583,0.0
4645,58.0625,2.7269158120765775,0.8690656905763561,0.8690656905763561,0.7136887349310586,0.011210579563145272,0.0,0.008268468225348194,0.0
4646,58.075,2.737779133208782,-0.13744095395139766,0.13744095395139766,0.6621594526345727,0.010290555977518224,0.0,0.0013076412668586754,0.0
4647,58.0875,2.7360611212843895,-0.33181672223111747,0.33181672223111747,0.6624067237343222,0.010294970850648117,0.0,0.003156971969043724,0.0
4648,58.1,2.7319134122565005,0.48954746336264066,0.48954746336264066,0.6520704074542418,0.01011042229219045,0.0,0.004657654409218866,0.0
4649,58.1125,2.7380327555485335,-0.8863828240264482,0.8863828240264482,0.6637570021934215,0.010319079240561016,0.0,0.008433226964806934,0.0
4650,58.125,2.726952970248203,-0.7122340606918698,0.7122340606918698,0.587887034500109,0.00896446771469139,0.0,0.006776340112950331,0.0
4651,58.1375,2.7180500444895546,0.31237627307291405,0.31237627307291405,0.5618358286311405,0.008499339485356215,0.0,0.002972011570889588,0.0
4652,58.15,2.721954747902966,1.2491428391586012,1.2491428391586012,0.5837978167717026,0.008891457251722943,0.0,0.01188459973336925,0.0
4653,58.1625,2.7375690333924485,-0.43370890848994037,0.43370890848994037,0.4369658612305104,0.00626986315607121,0.0,0.004126395009934458,0.0
4654,58.175,2.7321476720363242,0.1466636672937227,0.1466636672937227,0.41665282439249934,0.005907186399209885,0.0,0.0013953880425620587,0.0
4655,58.1875,2.733980967877496,0.037517011941545775,0.037517011941545775,0.42815584453999905,0.0061125657363555255,0.0,0.00035694450317438355,0.0
4656,58.2,2.734449930526765,-0.60222674496476,0.60222674496476,0.4284664166108547,0.006118110809321615,0.0,0.005729708075224597,0.0
4657,58.2125,2.7269220962147056,-0.1611737252450851,0.1611737252450851,0.3734612268981315,0.00513602703845864,0.0,0.0015334396932252371,0.0
4658,58.225,2.724907424649142,0.5173625626309786,0.5173625626309786,0.4032604260882514,0.005668073379216202,0.0,0.004922292936523553,0.0
4659,58.2375,2.7313744566820293,0.5466827930793627,0.5466827930793627,0.371442951423455,0.005099991973419095,0.0,0.005201251588845417,0.0
4660,58.25,2.7382079915955213,-0.6010923529120404,0.6010923529120404,0.3340964393326654,0.0044331930110982996,0.0,0.005718915237876734,0.0
4661,58.2625,2.730694337184121,-0.22223121934178636,0.22223121934178636,0.26442018633254516,0.0031891664448171785,0.0,0.002114353144684984,0.0
4662,58.275,2.7279164469423485,0.3150445054593831,0.3150445054593831,0.26786082267260264,0.003250596886720195,0.0,0.002997397677998169,0.0
4663,58.2875,2.7318545032605908,-0.05946318005047857,0.05946318005047857,0.24419535473850354,0.00282806453823925,0.0,0.0005657448224649971,0.0
4664,58.3,2.73111121350996,0.09897269832706002,0.09897269832706002,0.24431163341807305,0.002830140622417834,0.0,0.0009416464372808739,0.0
4665,58.3125,2.732348372239048,-0.4595023783728891,0.4595023783728891,0.25687148660613485,0.003054389062334839,0.0,0.0043717993429569675,0.0
4666,58.325,2.726604592509387,0.2654640851761414,0.2654640851761414,0.2025104682143824,0.0020838065735015207,0.0,0.0025256794475390703,0.0
4667,58.3375,2.7299228935740887,0.296760160988363,0.296760160988363,0.27501518005688014,0.003378333529657859,0.0,0.0028234366956244577,0.0
4668,58.35,2.733632395586443,0.16641168844859777,0.16641168844859777,0.2551938848156052,0.003024436516019582,0.0,0.0015832747434215747,0.0
4669,58.3625,2.7357125416920507,-0.25305690646924006,0.25305690646924006,0.2628540289470643,0.0031612036696875767,0.0,0.002407635018888119,0.0
4670,58.375,2.732549330361185,0.048048392733868184,0.048048392733868184,0.28209469431900264,0.003504733894764049,0.0,0.00045714220789864964,0.0
4671,58.3875,2.7331499352703585,0.06316876888195821,0.06316876888195821,0.29324228313367634,0.0037037672244611616,0.0,0.0006010005503593692,0.0
4672,58.4,2.733939544881383,0.24526289217256192,0.24526289217256192,0.307949758681654,0.003966360138356554,0.0,0.0023334811772869695,0.0
4673,58.4125,2.73700533103354,0.1065958187343341,0.1065958187343341,0.32622716674693947,0.004292691997733905,0.0,0.0010141743595645707,0.0
4674,58.425,2.738337778767719,-0.5894523362587378,0.5894523362587378,0.32420049098453235,0.004256506950732768,0.0,0.005608169745465766,0.0
4675,58.4375,2.730969624564485,0.06317554775652212,0.06317554775652212,0.4312244221398382,0.006167353298696004,0.0,0.0006010650459545158,0.0
4676,58.45,2.7317593189114415,0.24380201710343385,0.24380201710343385,0.4607301030492061,0.00669415905140208,0.0,0.0023195821139350634,0.0
4677,58.4625,2.7348068441252344,-0.384602660086486,0.384602660086486,0.4545386692058663,0.006583614814982343,0.0,0.003659188147446606,0.0
4678,58.475,2.7299993108741534,-0.23155476345881,0.23155476345881,0.43680155368753726,0.006266929546129548,0.0,0.0022030592449431997,0.0
4679,58.4875,2.7271048763309182,0.27336135681395035,0.27336135681395035,0.4335584515434545,0.00620902595558493,0.0,0.002600815700542985,0.0
4680,58.5,2.7305218932910926,-0.3910022632799226,0.3910022632799226,0.4255601360458302,0.006066220960538404,0.0,0.0037200752774225626,0.0
4681,58.5125,2.7256343650000936,-0.02858357602985251,0.02858357602985251,0.40562655853479174,0.00571031921615624,0.0,0.00027194997194391566,0.0
4682,58.525,2.7252770702997204,0.9971170482359071,0.9971170482359071,0.40553988927431517,0.005708771789911712,0.0,0.009486774958086102,0.0
4683,58.5375,2.7377410334026693,-0.4631770230500365,0.4631770230500365,0.2012167262247853,0.0020607076074166276,0.0,0.0044067606618559884,0.0
4684,58.55,2.731951320614544,-0.11876369447506363,0.11876369447506363,0.11855947270973265,0.0005849132751872295,0.0,0.0011299420109897279,0.0
4685,58.5625,2.7304667744336055,0.14642667157609424,0.14642667157609424,0.16670457080201243,0.0014445143370138923,0.0,0.0013931332169694675,0.0
4686,58.575,2.7322971078283067,0.17617115906912062,0.17617115906912062,0.15942251199125396,0.0013144976637896675,0.0,0.00167612833734092,0.0
4687,58.5875,2.7344992473166707,-0.14055041548093783,0.14055041548093783,0.15193195700929582,0.0011807584198936269,0.0,0.0013372253180227417,0.0
4688,58.6,2.732742367123159,0.14259935017204128,0.14259935017204128,0.14650957094829878,0.0010839450577786877,0.0,0.0013567193005523787,0.0
4689,58.6125,2.7345248590003095,-0.015956041157316747,0.015956041157316747,0.14109540903751241,0.0009872785327984482,0.0,0.00015180902979166684,0.0
4690,58.625,2.734325408485843,-0.04946676503127634,0.04946676503127634,0.2173404575886015,0.002348586896277538,0.0,0.0004706368912120085,0.0
4691,58.6375,2.733707073922952,0.05548311395561001,0.05548311395561001,0.2205813771367741,0.0024064515179169875,0.0,0.0005278776619073395,0.0
4692,58.65,2.734400612847397,-0.35210415785950744,0.35210415785950744,0.382308799085682,0.005293994988434134,0.0,0.0033499907692173814,0.0
4693,58.6625,2.7299993108741534,-0.0494141414516136,0.0494141414516136,0.36291422874523,0.004947716884973425,0.0,0.00047013621974256313,0.0
4694,58.675,2.729381634106008,0.11125886542806995,0.11125886542806995,0.3771778683317931,0.00520238538124737,0.0,0.0010585395368331609,0.0
4695,58.6875,2.730772369923859,0.08251241023085498,0.08251241023085498,0.38548495975445746,0.005350703380183143,0.0,0.0007850398992718917,0.0
4696,58.7,2.7318037750517448,-0.08875502940991709,0.08875502940991709,0.4001243884728533,0.005612081359863419,0.0,0.0008444334513183342,0.0
4697,58.7125,2.730694337184121,-0.4678528354902767,0.4678528354902767,0.40881043346058926,0.0057671653412112375,0.0,0.004451247295040384,0.0
4698,58.725,2.7248461767404923,0.11747815252430627,0.11747815252430627,0.39472003718437254,0.005515589997499629,0.0,0.0011177111026850403,0.0
4699,58.7375,2.726314653647046,0.8849346683707537,0.8849346683707537,0.3947696408605528,0.005516475640574513,0.0,0.00841944891654855,0.0
4700,58.75,2.7373763370016806,-0.09138432316991185,0.09138432316991185,0.2955409737065949,0.0037448089283020057,0.0,0.0008694490883931393,0.0
4701,58.7625,2.7362340329620567,-0.29477620806972027,0.29477620806972027,0.30513876458417444,0.0039161715707405845,0.0,0.0028045609629309886,0.0
4702,58.775,2.732549330361185,-0.25112270673314896,0.25112270673314896,0.305150907263061,0.00391638837079039,0.0,0.0023892326481205653,0.0
4703,58.7875,2.729410296527021,0.31434896893919984,0.31434896893919984,0.31347242248202034,0.004064963897721785,0.0,0.0029907802016910664,0.0
4704,58.8,2.733339658638761,0.25315807174418836,0.25315807174418836,0.3000057184876554,0.0038245241954145276,0.0,0.0024085975259465486,0.0
4705,58.8125,2.736504134535563,-0.35820353664512083,0.35820353664512083,0.3016521932602782,0.0038539209880039758,0.0,0.003408021502946797,0.0
4706,58.825,2.732026590327499,-0.11880407839473861,0.11880407839473861,0.36373641281291325,0.0049623964749130455,0.0,0.0011303262318377817,0.0
4707,58.8375,2.730541539347565,0.4848923072586686,0.4848923072586686,0.3798102691643784,0.005249385276158925,0.0,0.004613364304630567,0.0
4708,58.85,2.7366026931882983,-0.23339383586833407,0.23339383586833407,0.3539497908810364,0.004787662370348277,0.0,0.0022205565549246577,0.0
4709,58.8625,2.733685270239944,-0.2948767492632598,0.2948767492632598,0.3827291508483682,0.005301500110157081,0.0,0.002805517532351614,0.0
4710,58.875,2.7299993108741534,0.32287099817605025,0.32287099817605025,0.3819899832467211,0.0052883027280679245,0.0,0.0030718605259110396,0.0
4711,58.8875,2.734035198351354,0.1808951243718937,0.1808951243718937,0.37303586175614034,0.005128432405937198,0.0,0.0017210731066801886,0.0
4712,58.9,2.7362963874060027,0.2683541053846028,0.2683541053846028,0.3771060350587931,0.005201102842418039,0.0,0.0025531756892195234,0.0
4713,58.9125,2.73965081372331,-0.677341001359899,0.677341001359899,0.4173958743929835,0.005920453099138136,0.0,0.006444360430056337,0.0
4714,58.925,2.7311840512063115,-0.3312517313115748,0.3312517313115748,0.40826049720453716,0.005757346568202751,0.0,0.00315159653020578,0.0
4715,58.9375,2.727043404564917,0.2886476413462091,0.2886476413462091,0.3911018663859602,0.005450989787230576,0.0,0.002746252529207559,0.0
4716,58.95,2.7306515000817444,0.47337286590636296,0.47337286590636296,0.3945097394487113,0.005511835261004387,0.0,0.004503765990224514,0.0
4717,58.9625,2.736568660905574,-0.28710669164929925,0.28710669164929925,0.3613051993628213,0.0049189886567542656,0.0,0.002731591619515785,0.0
4718,58.975,2.7329798272599577,-0.2239663731583974,0.2239663731583974,0.352299679084132,0.004758200640931235,0.0,0.002130861751979359,0.0
4719,58.9875,2.7301802475954777,0.23905795572300548,0.23905795572300548,0.34337077241241337,0.0045987805138551765,0.0,0.0022744461464144043,0.0
4720,59.0,2.7331684720420153,0.5727973115657292,0.5727973115657292,0.3786805988854578,0.005229215709375347,0.0,0.005449710443758432,0.0
4721,59.0125,2.740328438436587,-0.631228463444522,0.631228463444522,0.3686901021645754,0.005050841546070373,0.0,0.006005636339716747,0.0
4722,59.025,2.7324380826435304,0.0,0.0,0.32150682020320975,0.004208413118637997,0.0,0.0,0.0
4723,59.0375,2.7324380826435304,0.32362876554657305,0.32362876554657305,0.3215142567743755,0.004208545894034118,0.0,0.0030790700792202013,0.0
4724,59.05,2.7364834422128625,-0.1526760318784426,0.1526760318784426,0.3019141998652388,0.00385859895450013,0.0,0.0014525909054377015,0.0
4725,59.0625,2.734574991814382,-0.17612264692310475,0.17612264692310475,0.30397604983352483,0.003895412015274642,0.0,0.0016756667828897143,0.0
4726,59.075,2.732373458727843,-0.021640795277590996,0.021640795277590996,0.3060564180379902,0.003932555707746122,0.0,0.0002058949398926997,0.0
4727,59.0875,2.7321029487868733,-0.5109919521828843,0.5109919521828843,0.3072029653130146,0.003953026602896369,0.0,0.004861681649439829,0.0
4728,59.1,2.7257155493845873,0.51803853508396,0.51803853508396,0.3034566116066129,0.003886137765785088,0.0,0.004928724276305222,0.0
4729,59.1125,2.7321910310731368,0.3713802971173408,0.3713802971173408,0.26553031285450224,0.0032089870698620627,0.0,0.0035333878894685325,0.0
4730,59.125,2.7368332847871035,0.006185060711132451,0.006185060711132451,0.2324441297184643,0.002618253656025894,0.0,5.884592904355937e-05,0.0
4731,59.1375,2.7369105980459927,-0.08355663981937766,0.08355663981937766,0.2324841667985682,0.002618968493422295,0.0,0.0007949749125468286,0.0
4732,59.15,2.7358661400482505,0.18249386029989267,0.18249386029989267,0.23539222944950372,0.0026708901602514146,0.0,0.001736283806359997,0.0
4733,59.1625,2.738147313301999,-0.2029086591499052,0.2029086591499052,0.2389841040519993,0.00273502086814478,0.0,0.0019305143661997913,0.0
4734,59.175,2.7356109550626253,-0.07806004752215046,0.07806004752215046,0.243120447564473,0.0028088727329511867,0.0,0.0007426792124057083,0.0
4735,59.1875,2.7346352044685984,0.49275835968650483,0.49275835968650483,0.25592373516497446,0.003037467544310144,0.0,0.00468820353170367,0.0
4736,59.2,2.7407946839646797,-0.3093984149388618,0.3093984149388618,0.19111238567490063,0.0018803008326897146,0.0,0.0029436796212705934,0.0
4737,59.2125,2.736927203777944,-0.07819677905565925,0.07819677905565925,0.16224408964636555,0.001364875194306097,0.0,0.0007439801041017902,0.0
4738,59.225,2.735949744039748,0.013681006819759034,0.013681006819759034,0.1626663666829645,0.0013724146906084979,0.0,0.00013016388911283423,0.0
4739,59.2375,2.736120756624995,-0.1336660878584084,0.1336660878584084,0.1998753778864489,0.0020367586593076554,0.0,0.0012717264209692624,0.0
4740,59.25,2.734449930526765,-0.21664535878201718,0.21664535878201718,0.2088470217779912,0.0021969418331111187,0.0,0.0020612081280878534,0.0
4741,59.2625,2.73174186354199,0.2390086279474346,0.2390086279474346,0.2571469478269114,0.0030593072527063227,0.0,0.0022739768318972655,0.0
4742,59.275,2.734729471391333,0.23918323643997041,0.23918323643997041,0.366748324654957,0.005016172305062704,0.0,0.002275638092706504,0.0
4743,59.2875,2.7377192618468325,-0.1050080327470937,0.1050080327470937,0.36102774254857417,0.00491403483629095,0.0,0.0009990678398543705,0.0
4744,59.3,2.736406661437494,-0.11883174870920499,0.11883174870920499,0.37986569825335254,0.005250374928389916,0.0,0.0011305894928529518,0.0
4745,59.3125,2.7349212645786287,-0.08492557949139723,0.08492557949139723,0.3775710877740574,0.005209406072106767,0.0,0.0008079992837804987,0.0
4746,59.325,2.7338596948349863,0.3287943561421258,0.3287943561421258,0.38227513575321087,0.00529339395037453,0.0,0.003128216561664077,0.0
4747,59.3375,2.737969624286763,-0.21726002302692393,0.21726002302692393,0.380222939166653,0.005256753244782842,0.0,0.0020670561690741434,0.0
4748,59.35,2.7352538739989263,-0.4764399286909793,0.4764399286909793,0.37246466203552125,0.005118233986870357,0.0,0.004532946651082187,0.0
4749,59.3625,2.729298374890289,0.7772794678347594,0.7772794678347594,0.3537641301836476,0.004784347512991273,0.0,0.007395195382462971,0.0
4750,59.375,2.7390143682382235,0.1546033589994522,0.1546033589994522,,,,0.001470927888743706,0.0
4751,59.3875,2.7409469102257167,-0.3502599456114197,0.3502599456114197,,,,0.003332444557763563,0.0
4752,59.4,2.736568660905574,-0.01472431350897807,0.01472431350897807,,,,0.00014009012173557162,0.0
4753,59.4125,2.7363846069867117,0.18922784887525523,0.18922784887525523,,,,0.00180035234705721,0.0
4754,59.425,2.7387499550976524,-0.30917205736944453,0.30917205736944453,,,,0.002941526009189725,0.0
4755,59.4375,2.7348853043805343,0.022032829580282964,0.022032829580282964,,,,0.00020962483420357202,0.0
4756,59.45,2.735160714750288,-0.34401756985062093,0.34401756985062093,,,,0.003273053321648123,0.0
4757,59.4625,2.730860495127155,,,,,,,
